dispositif,volet,nombre_aides,nombre_entreprises,montant_total,reg,libelle_region,dep,libelle_departement,classe_effectif,libelle_classe_effectif
Fonds de solidarité,VOLET1,3256,723,9340838.00,84,Auvergne-Rhône-Alpes,01,Ain,00,0 salarié
Fonds de solidarité,VOLET1,15441,3053,60744364.00,84,Auvergne-Rhône-Alpes,01,Ain,01,1 ou 2 salariés
Fonds de solidarité,VOLET1,6294,1168,34260052.00,84,Auvergne-Rhône-Alpes,01,Ain,02,3 à 5 salariés
Fonds de solidarité,VOLET1,1996,348,14517710.00,84,Auvergne-Rhône-Alpes,01,Ain,03,6 à 9 salariés
Fonds de solidarité,VOLET1,991,160,14042855.00,84,Auvergne-Rhône-Alpes,01,Ain,11,10 à 19 salariés
Fonds de solidarité,VOLET1,289,53,11770203.00,84,Auvergne-Rhône-Alpes,01,Ain,12,20 à 49 salariés
Fonds de solidarité,VOLET1,23,6,1563479.00,84,Auvergne-Rhône-Alpes,01,Ain,21,50 à 99 salariés
Fonds de solidarité,VOLET1,2991,735,7390394.00,84,Auvergne-Rhône-Alpes,01,Ain,NN,Etablissement non employeur
Fonds de solidarité,VOLET1,3112,594,9540304.00,84,Auvergne-Rhône-Alpes,03,Allier,00,0 salarié
Fonds de solidarité,VOLET1,9402,1870,34865073.00,84,Auvergne-Rhône-Alpes,03,Allier,01,1 ou 2 salariés
Fonds de solidarité,VOLET1,2603,576,13159311.00,84,Auvergne-Rhône-Alpes,03,Allier,02,3 à 5 salariés
Fonds de solidarité,VOLET1,908,174,6322175.00,84,Auvergne-Rhône-Alpes,03,Allier,03,6 à 9 salariés
Fonds de solidarité,VOLET1,424,77,5259039.00,84,Auvergne-Rhône-Alpes,03,Allier,11,10 à 19 salariés
Fonds de solidarité,VOLET1,163,32,5866705.00,84,Auvergne-Rhône-Alpes,03,Allier,12,20 à 49 salariés
Fonds de solidarité,VOLET1,19,5,1703125.00,84,Auvergne-Rhône-Alpes,03,Allier,21,50 à 99 salariés
Fonds de solidarité,VOLET1,5063,1240,8594672.00,84,Auvergne-Rhône-Alpes,03,Allier,NN,Etablissement non employeur
Fonds de solidarité,VOLET1,7542,1195,29374701.00,84,Auvergne-Rhône-Alpes,07,Ardèche,00,0 salarié
Fonds de solidarité,VOLET1,11421,2139,49662507.00,84,Auvergne-Rhône-Alpes,07,Ardèche,01,1 ou 2 salariés
Fonds de solidarité,VOLET1,3214,672,17323889.00,84,Auvergne-Rhône-Alpes,07,Ardèche,02,3 à 5 salariés
Fonds de solidarité,VOLET1,849,162,6527054.00,84,Auvergne-Rhône-Alpes,07,Ardèche,03,6 à 9 salariés
Fonds de solidarité,VOLET1,300,56,7557130.00,84,Auvergne-Rhône-Alpes,07,Ardèche,11,10 à 19 salariés
Fonds de solidarité,VOLET1,115,22,5037613.00,84,Auvergne-Rhône-Alpes,07,Ardèche,12,20 à 49 salariés
Fonds de solidarité,VOLET1,16,3,847438.00,84,Auvergne-Rhône-Alpes,07,Ardèche,21,50 à 99 salariés
Fonds de solidarité,VOLET1,3973,849,7553627.00,84,Auvergne-Rhône-Alpes,07,Ardèche,NN,Etablissement non employeur
Fonds de solidarité,VOLET1,1938,353,6473473.00,84,Auvergne-Rhône-Alpes,15,Cantal,00,0 salarié
Fonds de solidarité,VOLET1,5381,1034,21944176.00,84,Auvergne-Rhône-Alpes,15,Cantal,01,1 ou 2 salariés
Fonds de solidarité,VOLET1,1590,307,8539487.00,84,Auvergne-Rhône-Alpes,15,Cantal,02,3 à 5 salariés
Fonds de solidarité,VOLET1,438,101,3433880.00,84,Auvergne-Rhône-Alpes,15,Cantal,03,6 à 9 salariés
Fonds de solidarité,VOLET1,233,38,2923763.00,84,Auvergne-Rhône-Alpes,15,Cantal,11,10 à 19 salariés
Fonds de solidarité,VOLET1,66,14,2299948.00,84,Auvergne-Rhône-Alpes,15,Cantal,12,20 à 49 salariés
Fonds de solidarité,VOLET1,5544,1232,9382101.00,84,Auvergne-Rhône-Alpes,15,Cantal,NN,Etablissement non employeur
Fonds de solidarité,VOLET1,8285,1542,26433989.00,84,Auvergne-Rhône-Alpes,26,Drôme,00,0 salarié
Fonds de solidarité,VOLET1,17021,3374,68129776.00,84,Auvergne-Rhône-Alpes,26,Drôme,01,1 ou 2 salariés
Fonds de solidarité,VOLET1,5949,1171,31717184.00,84,Auvergne-Rhône-Alpes,26,Drôme,02,3 à 5 salariés
Fonds de solidarité,VOLET1,1832,366,15077374.00,84,Auvergne-Rhône-Alpes,26,Drôme,03,6 à 9 salariés
Fonds de solidarité,VOLET1,931,160,11316574.00,84,Auvergne-Rhône-Alpes,26,Drôme,11,10 à 19 salariés
Fonds de solidarité,VOLET1,362,75,13242885.00,84,Auvergne-Rhône-Alpes,26,Drôme,12,20 à 49 salariés
Fonds de solidarité,VOLET1,28,7,2118076.00,84,Auvergne-Rhône-Alpes,26,Drôme,21,50 à 99 salariés
Fonds de solidarité,VOLET1,10,3,1299567.00,84,Auvergne-Rhône-Alpes,26,Drôme,22,100 à 199 salariés
Fonds de solidarité,VOLET1,5719,1190,10021310.00,84,Auvergne-Rhône-Alpes,26,Drôme,NN,Etablissement non employeur
Fonds de solidarité,VOLET1,3308,582,10496049.00,84,Auvergne-Rhône-Alpes,43,Haute-Loire,00,0 salarié
Fonds de solidarité,VOLET1,7100,1408,27686340.00,84,Auvergne-Rhône-Alpes,43,Haute-Loire,01,1 ou 2 salariés
Fonds de solidarité,VOLET1,2243,449,11511359.00,84,Auvergne-Rhône-Alpes,43,Haute-Loire,02,3 à 5 salariés
Fonds de solidarité,VOLET1,654,130,5282272.00,84,Auvergne-Rhône-Alpes,43,Haute-Loire,03,6 à 9 salariés
Fonds de solidarité,VOLET1,170,40,1784059.00,84,Auvergne-Rhône-Alpes,43,Haute-Loire,11,10 à 19 salariés
Fonds de solidarité,VOLET1,81,17,3171554.00,84,Auvergne-Rhône-Alpes,43,Haute-Loire,12,20 à 49 salariés
Fonds de solidarité,VOLET1,3015,698,5811682.00,84,Auvergne-Rhône-Alpes,43,Haute-Loire,NN,Etablissement non employeur
Fonds de solidarité,VOLET1,12181,2188,45895536.00,84,Auvergne-Rhône-Alpes,74,Haute-Savoie,00,0 salarié
Fonds de solidarité,VOLET1,27936,5065,131479220.00,84,Auvergne-Rhône-Alpes,74,Haute-Savoie,01,1 ou 2 salariés
Fonds de solidarité,VOLET1,14732,2381,99395213.00,84,Auvergne-Rhône-Alpes,74,Haute-Savoie,02,3 à 5 salariés
Fonds de solidarité,VOLET1,6709,1006,68783382.00,84,Auvergne-Rhône-Alpes,74,Haute-Savoie,03,6 à 9 salariés
Fonds de solidarité,VOLET1,4074,594,75152803.00,84,Auvergne-Rhône-Alpes,74,Haute-Savoie,11,10 à 19 salariés
Fonds de solidarité,VOLET1,1462,225,59126746.00,84,Auvergne-Rhône-Alpes,74,Haute-Savoie,12,20 à 49 salariés
Fonds de solidarité,VOLET1,220,35,20626829.00,84,Auvergne-Rhône-Alpes,74,Haute-Savoie,21,50 à 99 salariés
Fonds de solidarité,VOLET1,44,9,6531071.00,84,Auvergne-Rhône-Alpes,74,Haute-Savoie,22,100 à 199 salariés
Fonds de solidarité,VOLET1,20,3,4000000.00,84,Auvergne-Rhône-Alpes,74,Haute-Savoie,31,200 à 249 salariés
Fonds de solidarité,VOLET1,17,3,3201500.00,84,Auvergne-Rhône-Alpes,74,Haute-Savoie,32,250 à 499 salariés
Fonds de solidarité,VOLET1,15101,2641,37422748.00,84,Auvergne-Rhône-Alpes,74,Haute-Savoie,NN,Etablissement non employeur
Fonds de solidarité,VOLET1,14592,2910,45001645.00,84,Auvergne-Rhône-Alpes,38,Isère,00,0 salarié
Fonds de solidarité,VOLET1,35911,7000,147185777.00,84,Auvergne-Rhône-Alpes,38,Isère,01,1 ou 2 salariés
Fonds de solidarité,VOLET1,14665,2711,88467430.00,84,Auvergne-Rhône-Alpes,38,Isère,02,3 à 5 salariés
Fonds de solidarité,VOLET1,5304,906,46245007.00,84,Auvergne-Rhône-Alpes,38,Isère,03,6 à 9 salariés
Fonds de solidarité,VOLET1,2387,385,37148132.00,84,Auvergne-Rhône-Alpes,38,Isère,11,10 à 19 salariés
Fonds de solidarité,VOLET1,839,139,34724129.00,84,Auvergne-Rhône-Alpes,38,Isère,12,20 à 49 salariés
Fonds de solidarité,VOLET1,160,28,10219536.00,84,Auvergne-Rhône-Alpes,38,Isère,21,50 à 99 salariés
Fonds de solidarité,VOLET1,29,7,3741724.00,84,Auvergne-Rhône-Alpes,38,Isère,22,100 à 199 salariés
Fonds de solidarité,VOLET1,24,3,1339195.00,84,Auvergne-Rhône-Alpes,38,Isère,32,250 à 499 salariés
Fonds de solidarité,VOLET1,13780,2746,31696557.00,84,Auvergne-Rhône-Alpes,38,Isère,NN,Etablissement non employeur
Fonds de solidarité,VOLET1,7782,1550,22864348.00,84,Auvergne-Rhône-Alpes,42,Loire,00,0 salarié
Fonds de solidarité,VOLET1,20272,4051,77588066.00,84,Auvergne-Rhône-Alpes,42,Loire,01,1 ou 2 salariés
Fonds de solidarité,VOLET1,7225,1511,37615191.00,84,Auvergne-Rhône-Alpes,42,Loire,02,3 à 5 salariés
Fonds de solidarité,VOLET1,2360,474,18053908.00,84,Auvergne-Rhône-Alpes,42,Loire,03,6 à 9 salariés
Fonds de solidarité,VOLET1,1321,225,15682099.00,84,Auvergne-Rhône-Alpes,42,Loire,11,10 à 19 salariés
Fonds de solidarité,VOLET1,270,57,9274100.00,84,Auvergne-Rhône-Alpes,42,Loire,12,20 à 49 salariés
Fonds de solidarité,VOLET1,64,12,6207455.00,84,Auvergne-Rhône-Alpes,42,Loire,21,50 à 99 salariés
Fonds de solidarité,VOLET1,18,4,1186384.00,84,Auvergne-Rhône-Alpes,42,Loire,22,100 à 199 salariés
Fonds de solidarité,VOLET1,7533,1613,14050189.00,84,Auvergne-Rhône-Alpes,42,Loire,NN,Etablissement non employeur
Fonds de solidarité,VOLET1,6864,1285,20802949.00,84,Auvergne-Rhône-Alpes,63,Puy-de-Dôme,00,0 salarié
Fonds de solidarité,VOLET1,18566,3517,73344723.00,84,Auvergne-Rhône-Alpes,63,Puy-de-Dôme,01,1 ou 2 salariés
Fonds de solidarité,VOLET1,7388,1395,43297563.00,84,Auvergne-Rhône-Alpes,63,Puy-de-Dôme,02,3 à 5 salariés
Fonds de solidarité,VOLET1,2524,459,19526458.00,84,Auvergne-Rhône-Alpes,63,Puy-de-Dôme,03,6 à 9 salariés
Fonds de solidarité,VOLET1,1342,222,20549992.00,84,Auvergne-Rhône-Alpes,63,Puy-de-Dôme,11,10 à 19 salariés
Fonds de solidarité,VOLET1,372,71,11862177.00,84,Auvergne-Rhône-Alpes,63,Puy-de-Dôme,12,20 à 49 salariés
Fonds de solidarité,VOLET1,37,10,3650280.00,84,Auvergne-Rhône-Alpes,63,Puy-de-Dôme,21,50 à 99 salariés
Fonds de solidarité,VOLET1,7,3,1197882.00,84,Auvergne-Rhône-Alpes,63,Puy-de-Dôme,22,100 à 199 salariés
Fonds de solidarité,VOLET1,6961,1450,13893712.00,84,Auvergne-Rhône-Alpes,63,Puy-de-Dôme,NN,Etablissement non employeur
Fonds de solidarité,VOLET1,22985,4522,68016613.00,84,Auvergne-Rhône-Alpes,69,Rhône,00,0 salarié
Fonds de solidarité,VOLET1,58683,11362,233810777.00,84,Auvergne-Rhône-Alpes,69,Rhône,01,1 ou 2 salariés
Fonds de solidarité,VOLET1,24646,4502,146663452.00,84,Auvergne-Rhône-Alpes,69,Rhône,02,3 à 5 salariés
Fonds de solidarité,VOLET1,9528,1567,84283003.00,84,Auvergne-Rhône-Alpes,69,Rhône,03,6 à 9 salariés
Fonds de solidarité,VOLET1,4859,746,86572245.00,84,Auvergne-Rhône-Alpes,69,Rhône,11,10 à 19 salariés
Fonds de solidarité,VOLET1,1621,291,66500648.00,84,Auvergne-Rhône-Alpes,69,Rhône,12,20 à 49 salariés
Fonds de solidarité,VOLET1,211,37,19141443.00,84,Auvergne-Rhône-Alpes,69,Rhône,21,50 à 99 salariés
Fonds de solidarité,VOLET1,51,14,5274748.00,84,Auvergne-Rhône-Alpes,69,Rhône,22,100 à 199 salariés
Fonds de solidarité,VOLET1,13,4,1298501.00,84,Auvergne-Rhône-Alpes,69,Rhône,31,200 à 249 salariés
Fonds de solidarité,VOLET1,35,7,3271190.00,84,Auvergne-Rhône-Alpes,69,Rhône,32,250 à 499 salariés
Fonds de solidarité,VOLET1,7,3,10500.00,84,Auvergne-Rhône-Alpes,69,Rhône,42,1 000 à 1 999 salariés
Fonds de solidarité,VOLET1,16999,3526,35555624.00,84,Auvergne-Rhône-Alpes,69,Rhône,NN,Etablissement non employeur
Fonds de solidarité,VOLET1,8950,1562,33008804.00,84,Auvergne-Rhône-Alpes,73,Savoie,00,0 salarié
Fonds de solidarité,VOLET1,22123,3610,109602759.00,84,Auvergne-Rhône-Alpes,73,Savoie,01,1 ou 2 salariés
Fonds de solidarité,VOLET1,12881,1859,95112116.00,84,Auvergne-Rhône-Alpes,73,Savoie,02,3 à 5 salariés
Fonds de solidarité,VOLET1,6367,938,73134095.00,84,Auvergne-Rhône-Alpes,73,Savoie,03,6 à 9 salariés
Fonds de solidarité,VOLET1,3748,560,82252731.00,84,Auvergne-Rhône-Alpes,73,Savoie,11,10 à 19 salariés
Fonds de solidarité,VOLET1,1346,207,66013788.00,84,Auvergne-Rhône-Alpes,73,Savoie,12,20 à 49 salariés
Fonds de solidarité,VOLET1,261,48,24516685.00,84,Auvergne-Rhône-Alpes,73,Savoie,21,50 à 99 salariés
Fonds de solidarité,VOLET1,105,21,13387712.00,84,Auvergne-Rhône-Alpes,73,Savoie,22,100 à 199 salariés
Fonds de solidarité,VOLET1,19,3,2961582.00,84,Auvergne-Rhône-Alpes,73,Savoie,31,200 à 249 salariés
Fonds de solidarité,VOLET1,24112,3216,71759730.00,84,Auvergne-Rhône-Alpes,73,Savoie,NN,Etablissement non employeur
Fonds de solidarité,VOLET1,4932,982,16273085.00,27,Bourgogne-Franche-Comté,21,Côte-d'Or,00,0 salarié
Fonds de solidarité,VOLET1,13268,2598,57756418.00,27,Bourgogne-Franche-Comté,21,Côte-d'Or,01,1 ou 2 salariés
Fonds de solidarité,VOLET1,5712,1075,35068734.00,27,Bourgogne-Franche-Comté,21,Côte-d'Or,02,3 à 5 salariés
Fonds de solidarité,VOLET1,2302,364,21380522.00,27,Bourgogne-Franche-Comté,21,Côte-d'Or,03,6 à 9 salariés
Fonds de solidarité,VOLET1,1225,189,21082208.00,27,Bourgogne-Franche-Comté,21,Côte-d'Or,11,10 à 19 salariés
Fonds de solidarité,VOLET1,430,70,14758573.00,27,Bourgogne-Franche-Comté,21,Côte-d'Or,12,20 à 49 salariés
Fonds de solidarité,VOLET1,53,10,4265190.00,27,Bourgogne-Franche-Comté,21,Côte-d'Or,21,50 à 99 salariés
Fonds de solidarité,VOLET1,4454,995,9428775.00,27,Bourgogne-Franche-Comté,21,Côte-d'Or,NN,Etablissement non employeur
Fonds de solidarité,VOLET1,4477,836,14334676.00,27,Bourgogne-Franche-Comté,25,Doubs,00,0 salarié
Fonds de solidarité,VOLET1,11657,2359,46014911.00,27,Bourgogne-Franche-Comté,25,Doubs,01,1 ou 2 salariés
Fonds de solidarité,VOLET1,5001,893,28352668.00,27,Bourgogne-Franche-Comté,25,Doubs,02,3 à 5 salariés
Fonds de solidarité,VOLET1,1867,331,14641762.00,27,Bourgogne-Franche-Comté,25,Doubs,03,6 à 9 salariés
Fonds de solidarité,VOLET1,849,146,10555633.00,27,Bourgogne-Franche-Comté,25,Doubs,11,10 à 19 salariés
Fonds de solidarité,VOLET1,273,49,9701496.00,27,Bourgogne-Franche-Comté,25,Doubs,12,20 à 49 salariés
Fonds de solidarité,VOLET1,36,5,858502.00,27,Bourgogne-Franche-Comté,25,Doubs,21,50 à 99 salariés
Fonds de solidarité,VOLET1,3361,746,6564725.00,27,Bourgogne-Franche-Comté,25,Doubs,NN,Etablissement non employeur
Fonds de solidarité,VOLET1,1573,337,4495813.00,27,Bourgogne-Franche-Comté,70,Haute-Saône,00,0 salarié
Fonds de solidarité,VOLET1,4373,937,16823476.00,27,Bourgogne-Franche-Comté,70,Haute-Saône,01,1 ou 2 salariés
Fonds de solidarité,VOLET1,1409,312,6902315.00,27,Bourgogne-Franche-Comté,70,Haute-Saône,02,3 à 5 salariés
Fonds de solidarité,VOLET1,523,119,3494180.00,27,Bourgogne-Franche-Comté,70,Haute-Saône,03,6 à 9 salariés
Fonds de solidarité,VOLET1,180,39,2201385.00,27,Bourgogne-Franche-Comté,70,Haute-Saône,11,10 à 19 salariés
Fonds de solidarité,VOLET1,53,12,1870572.00,27,Bourgogne-Franche-Comté,70,Haute-Saône,12,20 à 49 salariés
Fonds de solidarité,VOLET1,1875,420,3286921.00,27,Bourgogne-Franche-Comté,70,Haute-Saône,NN,Etablissement non employeur
Fonds de solidarité,VOLET1,2825,580,8802622.00,27,Bourgogne-Franche-Comté,39,Jura,00,0 salarié
Fonds de solidarité,VOLET1,7203,1402,29590704.00,27,Bourgogne-Franche-Comté,39,Jura,01,1 ou 2 salariés
Fonds de solidarité,VOLET1,2523,509,15184566.00,27,Bourgogne-Franche-Comté,39,Jura,02,3 à 5 salariés
Fonds de solidarité,VOLET1,861,171,6862818.00,27,Bourgogne-Franche-Comté,39,Jura,03,6 à 9 salariés
Fonds de solidarité,VOLET1,430,74,6346421.00,27,Bourgogne-Franche-Comté,39,Jura,11,10 à 19 salariés
Fonds de solidarité,VOLET1,167,29,4761624.00,27,Bourgogne-Franche-Comté,39,Jura,12,20 à 49 salariés
Fonds de solidarité,VOLET1,18,5,1474230.00,27,Bourgogne-Franche-Comté,39,Jura,21,50 à 99 salariés
Fonds de solidarité,VOLET1,2384,491,4878710.00,27,Bourgogne-Franche-Comté,39,Jura,NN,Etablissement non employeur
Fonds de solidarité,VOLET1,1945,353,6667334.00,27,Bourgogne-Franche-Comté,58,Nièvre,00,0 salarié
Fonds de solidarité,VOLET1,5034,1014,20491959.00,27,Bourgogne-Franche-Comté,58,Nièvre,01,1 ou 2 salariés
Fonds de solidarité,VOLET1,1695,356,8886762.00,27,Bourgogne-Franche-Comté,58,Nièvre,02,3 à 5 salariés
Fonds de solidarité,VOLET1,358,87,3131313.00,27,Bourgogne-Franche-Comté,58,Nièvre,03,6 à 9 salariés
Fonds de solidarité,VOLET1,273,47,3088503.00,27,Bourgogne-Franche-Comté,58,Nièvre,11,10 à 19 salariés
Fonds de solidarité,VOLET1,76,14,2553883.00,27,Bourgogne-Franche-Comté,58,Nièvre,12,20 à 49 salariés
Fonds de solidarité,VOLET1,2077,437,4139581.00,27,Bourgogne-Franche-Comté,58,Nièvre,NN,Etablissement non employeur
Fonds de solidarité,VOLET1,5337,993,17771178.00,27,Bourgogne-Franche-Comté,71,Saône-et-Loire,00,0 salarié
Fonds de solidarité,VOLET1,15373,2995,62420418.00,27,Bourgogne-Franche-Comté,71,Saône-et-Loire,01,1 ou 2 salariés
Fonds de solidarité,VOLET1,5330,1039,29972089.00,27,Bourgogne-Franche-Comté,71,Saône-et-Loire,02,3 à 5 salariés
Fonds de solidarité,VOLET1,1481,298,11197152.00,27,Bourgogne-Franche-Comté,71,Saône-et-Loire,03,6 à 9 salariés
Fonds de solidarité,VOLET1,869,145,13849030.00,27,Bourgogne-Franche-Comté,71,Saône-et-Loire,11,10 à 19 salariés
Fonds de solidarité,VOLET1,314,62,9964762.00,27,Bourgogne-Franche-Comté,71,Saône-et-Loire,12,20 à 49 salariés
Fonds de solidarité,VOLET1,15,4,1964399.00,27,Bourgogne-Franche-Comté,71,Saône-et-Loire,21,50 à 99 salariés
Fonds de solidarité,VOLET1,5887,1290,12306947.00,27,Bourgogne-Franche-Comté,71,Saône-et-Loire,NN,Etablissement non employeur
Fonds de solidarité,VOLET1,991,206,2822520.00,27,Bourgogne-Franche-Comté,90,Territoire de Belfort,00,0 salarié
Fonds de solidarité,VOLET1,3076,579,12525643.00,27,Bourgogne-Franche-Comté,90,Territoire de Belfort,01,1 ou 2 salariés
Fonds de solidarité,VOLET1,1262,245,6760334.00,27,Bourgogne-Franche-Comté,90,Territoire de Belfort,02,3 à 5 salariés
Fonds de solidarité,VOLET1,444,72,3512125.00,27,Bourgogne-Franche-Comté,90,Territoire de Belfort,03,6 à 9 salariés
Fonds de solidarité,VOLET1,193,30,3613973.00,27,Bourgogne-Franche-Comté,90,Territoire de Belfort,11,10 à 19 salariés
Fonds de solidarité,VOLET1,97,17,2916695.00,27,Bourgogne-Franche-Comté,90,Territoire de Belfort,12,20 à 49 salariés
Fonds de solidarité,VOLET1,772,173,1580119.00,27,Bourgogne-Franche-Comté,90,Territoire de Belfort,NN,Etablissement non employeur
Fonds de solidarité,VOLET1,2665,564,9227178.00,27,Bourgogne-Franche-Comté,89,Yonne,00,0 salarié
Fonds de solidarité,VOLET1,8279,1710,33561513.00,27,Bourgogne-Franche-Comté,89,Yonne,01,1 ou 2 salariés
Fonds de solidarité,VOLET1,2823,570,16986395.00,27,Bourgogne-Franche-Comté,89,Yonne,02,3 à 5 salariés
Fonds de solidarité,VOLET1,945,197,6694744.00,27,Bourgogne-Franche-Comté,89,Yonne,03,6 à 9 salariés
Fonds de solidarité,VOLET1,344,60,5199631.00,27,Bourgogne-Franche-Comté,89,Yonne,11,10 à 19 salariés
Fonds de solidarité,VOLET1,177,29,6327078.00,27,Bourgogne-Franche-Comté,89,Yonne,12,20 à 49 salariés
Fonds de solidarité,VOLET1,24,3,1454125.00,27,Bourgogne-Franche-Comté,89,Yonne,21,50 à 99 salariés
Fonds de solidarité,VOLET1,2729,577,5650685.00,27,Bourgogne-Franche-Comté,89,Yonne,NN,Etablissement non employeur
Fonds de solidarité,VOLET1,7156,1269,27161186.00,53,Bretagne,22,Côtes-d'Armor,00,0 salarié
Fonds de solidarité,VOLET1,16249,3134,69881896.00,53,Bretagne,22,Côtes-d'Armor,01,1 ou 2 salariés
Fonds de solidarité,VOLET1,5471,1048,32453274.00,53,Bretagne,22,Côtes-d'Armor,02,3 à 5 salariés
Fonds de solidarité,VOLET1,1608,350,13231038.00,53,Bretagne,22,Côtes-d'Armor,03,6 à 9 salariés
Fonds de solidarité,VOLET1,676,115,11878825.00,53,Bretagne,22,Côtes-d'Armor,11,10 à 19 salariés
Fonds de solidarité,VOLET1,243,46,9734613.00,53,Bretagne,22,Côtes-d'Armor,12,20 à 49 salariés
Fonds de solidarité,VOLET1,20,5,2259084.00,53,Bretagne,22,Côtes-d'Armor,21,50 à 99 salariés
Fonds de solidarité,VOLET1,5268,1198,10305681.00,53,Bretagne,22,Côtes-d'Armor,NN,Etablissement non employeur
Fonds de solidarité,VOLET1,9341,1756,34386406.00,53,Bretagne,29,Finistère,00,0 salarié
Fonds de solidarité,VOLET1,22573,4282,99289099.00,53,Bretagne,29,Finistère,01,1 ou 2 salariés
Fonds de solidarité,VOLET1,9345,1774,56635694.00,53,Bretagne,29,Finistère,02,3 à 5 salariés
Fonds de solidarité,VOLET1,3085,557,27001031.00,53,Bretagne,29,Finistère,03,6 à 9 salariés
Fonds de solidarité,VOLET1,1507,258,20426363.00,53,Bretagne,29,Finistère,11,10 à 19 salariés
Fonds de solidarité,VOLET1,511,91,20497108.00,53,Bretagne,29,Finistère,12,20 à 49 salariés
Fonds de solidarité,VOLET1,21,7,1956946.00,53,Bretagne,29,Finistère,21,50 à 99 salariés
Fonds de solidarité,VOLET1,7,4,1079023.00,53,Bretagne,29,Finistère,22,100 à 199 salariés
Fonds de solidarité,VOLET1,6714,1532,13165753.00,53,Bretagne,29,Finistère,NN,Etablissement non employeur
Fonds de solidarité,VOLET1,8978,1669,30774264.00,53,Bretagne,35,Ille-et-Vilaine,00,0 salarié
Fonds de solidarité,VOLET1,25480,4887,110272109.00,53,Bretagne,35,Ille-et-Vilaine,01,1 ou 2 salariés
Fonds de solidarité,VOLET1,10739,2052,65169036.00,53,Bretagne,35,Ille-et-Vilaine,02,3 à 5 salariés
Fonds de solidarité,VOLET1,4436,787,39825216.00,53,Bretagne,35,Ille-et-Vilaine,03,6 à 9 salariés
Fonds de solidarité,VOLET1,2434,408,36925678.00,53,Bretagne,35,Ille-et-Vilaine,11,10 à 19 salariés
Fonds de solidarité,VOLET1,642,124,27513062.00,53,Bretagne,35,Ille-et-Vilaine,12,20 à 49 salariés
Fonds de solidarité,VOLET1,65,13,3315104.00,53,Bretagne,35,Ille-et-Vilaine,21,50 à 99 salariés
Fonds de solidarité,VOLET1,16,3,3123238.00,53,Bretagne,35,Ille-et-Vilaine,22,100 à 199 salariés
Fonds de solidarité,VOLET1,8,4,1600000.00,53,Bretagne,35,Ille-et-Vilaine,32,250 à 499 salariés
Fonds de solidarité,VOLET1,6859,1507,14397015.00,53,Bretagne,35,Ille-et-Vilaine,NN,Etablissement non employeur
Fonds de solidarité,VOLET1,10228,1805,40044257.00,53,Bretagne,56,Morbihan,00,0 salarié
Fonds de solidarité,VOLET1,21406,4155,95036221.00,53,Bretagne,56,Morbihan,01,1 ou 2 salariés
Fonds de solidarité,VOLET1,8372,1608,49635985.00,53,Bretagne,56,Morbihan,02,3 à 5 salariés
Fonds de solidarité,VOLET1,2754,542,24319008.00,53,Bretagne,56,Morbihan,03,6 à 9 salariés
Fonds de solidarité,VOLET1,1157,204,18399697.00,53,Bretagne,56,Morbihan,11,10 à 19 salariés
Fonds de solidarité,VOLET1,369,74,13193546.00,53,Bretagne,56,Morbihan,12,20 à 49 salariés
Fonds de solidarité,VOLET1,35,10,2902591.00,53,Bretagne,56,Morbihan,21,50 à 99 salariés
Fonds de solidarité,VOLET1,6528,1417,13604080.00,53,Bretagne,56,Morbihan,NN,Etablissement non employeur
Fonds de solidarité,VOLET1,2227,420,7440212.00,24,Centre-Val de Loire,18,Cher,00,0 salarié
Fonds de solidarité,VOLET1,6439,1329,25529501.00,24,Centre-Val de Loire,18,Cher,01,1 ou 2 salariés
Fonds de solidarité,VOLET1,2416,513,14374910.00,24,Centre-Val de Loire,18,Cher,02,3 à 5 salariés
Fonds de solidarité,VOLET1,777,173,6155297.00,24,Centre-Val de Loire,18,Cher,03,6 à 9 salariés
Fonds de solidarité,VOLET1,384,68,5528845.00,24,Centre-Val de Loire,18,Cher,11,10 à 19 salariés
Fonds de solidarité,VOLET1,60,15,2194039.00,24,Centre-Val de Loire,18,Cher,12,20 à 49 salariés
Fonds de solidarité,VOLET1,2528,596,4986108.00,24,Centre-Val de Loire,18,Cher,NN,Etablissement non employeur
Fonds de solidarité,VOLET1,2683,570,7677301.00,24,Centre-Val de Loire,28,Eure-et-Loir,00,0 salarié
Fonds de solidarité,VOLET1,8511,1796,31505395.00,24,Centre-Val de Loire,28,Eure-et-Loir,01,1 ou 2 salariés
Fonds de solidarité,VOLET1,3211,694,17097858.00,24,Centre-Val de Loire,28,Eure-et-Loir,02,3 à 5 salariés
Fonds de solidarité,VOLET1,1120,217,8920533.00,24,Centre-Val de Loire,28,Eure-et-Loir,03,6 à 9 salariés
Fonds de solidarité,VOLET1,415,61,6604368.00,24,Centre-Val de Loire,28,Eure-et-Loir,11,10 à 19 salariés
Fonds de solidarité,VOLET1,176,27,4846310.00,24,Centre-Val de Loire,28,Eure-et-Loir,12,20 à 49 salariés
Fonds de solidarité,VOLET1,26,3,1584523.00,24,Centre-Val de Loire,28,Eure-et-Loir,21,50 à 99 salariés
Fonds de solidarité,VOLET1,2384,541,4586789.00,24,Centre-Val de Loire,28,Eure-et-Loir,NN,Etablissement non employeur
Fonds de solidarité,VOLET1,1521,285,4807603.00,24,Centre-Val de Loire,36,Indre,00,0 salarié
Fonds de solidarité,VOLET1,4888,974,18098008.00,24,Centre-Val de Loire,36,Indre,01,1 ou 2 salariés
Fonds de solidarité,VOLET1,1878,408,10393616.00,24,Centre-Val de Loire,36,Indre,02,3 à 5 salariés
Fonds de solidarité,VOLET1,551,123,3402515.00,24,Centre-Val de Loire,36,Indre,03,6 à 9 salariés
Fonds de solidarité,VOLET1,249,45,3308117.00,24,Centre-Val de Loire,36,Indre,11,10 à 19 salariés
Fonds de solidarité,VOLET1,87,19,3474822.00,24,Centre-Val de Loire,36,Indre,12,20 à 49 salariés
Fonds de solidarité,VOLET1,23,4,2254142.00,24,Centre-Val de Loire,36,Indre,21,50 à 99 salariés
Fonds de solidarité,VOLET1,2100,413,3712907.00,24,Centre-Val de Loire,36,Indre,NN,Etablissement non employeur
Fonds de solidarité,VOLET1,5780,1081,19433690.00,24,Centre-Val de Loire,37,Indre-et-Loire,00,0 salarié
Fonds de solidarité,VOLET1,15234,3039,63722913.00,24,Centre-Val de Loire,37,Indre-et-Loire,01,1 ou 2 salariés
Fonds de solidarité,VOLET1,6342,1190,36236509.00,24,Centre-Val de Loire,37,Indre-et-Loire,02,3 à 5 salariés
Fonds de solidarité,VOLET1,2234,393,19596751.00,24,Centre-Val de Loire,37,Indre-et-Loire,03,6 à 9 salariés
Fonds de solidarité,VOLET1,1039,176,19473820.00,24,Centre-Val de Loire,37,Indre-et-Loire,11,10 à 19 salariés
Fonds de solidarité,VOLET1,356,64,11385725.00,24,Centre-Val de Loire,37,Indre-et-Loire,12,20 à 49 salariés
Fonds de solidarité,VOLET1,24,5,2778806.00,24,Centre-Val de Loire,37,Indre-et-Loire,21,50 à 99 salariés
Fonds de solidarité,VOLET1,4741,1019,10058450.00,24,Centre-Val de Loire,37,Indre-et-Loire,NN,Etablissement non employeur
Fonds de solidarité,VOLET1,4387,932,13355984.00,24,Centre-Val de Loire,45,Loiret,00,0 salarié
Fonds de solidarité,VOLET1,13750,2900,52050259.00,24,Centre-Val de Loire,45,Loiret,01,1 ou 2 salariés
Fonds de solidarité,VOLET1,6143,1217,35195397.00,24,Centre-Val de Loire,45,Loiret,02,3 à 5 salariés
Fonds de solidarité,VOLET1,1812,352,15121967.00,24,Centre-Val de Loire,45,Loiret,03,6 à 9 salariés
Fonds de solidarité,VOLET1,1108,182,16422187.00,24,Centre-Val de Loire,45,Loiret,11,10 à 19 salariés
Fonds de solidarité,VOLET1,298,55,10163898.00,24,Centre-Val de Loire,45,Loiret,12,20 à 49 salariés
Fonds de solidarité,VOLET1,4122,903,8013864.00,24,Centre-Val de Loire,45,Loiret,NN,Etablissement non employeur
Fonds de solidarité,VOLET1,2667,513,9174677.00,24,Centre-Val de Loire,41,Loir-et-Cher,00,0 salarié
Fonds de solidarité,VOLET1,8138,1682,32768027.00,24,Centre-Val de Loire,41,Loir-et-Cher,01,1 ou 2 salariés
Fonds de solidarité,VOLET1,3052,642,16831324.00,24,Centre-Val de Loire,41,Loir-et-Cher,02,3 à 5 salariés
Fonds de solidarité,VOLET1,750,173,5287088.00,24,Centre-Val de Loire,41,Loir-et-Cher,03,6 à 9 salariés
Fonds de solidarité,VOLET1,498,91,7591883.00,24,Centre-Val de Loire,41,Loir-et-Cher,11,10 à 19 salariés
Fonds de solidarité,VOLET1,132,27,6512113.00,24,Centre-Val de Loire,41,Loir-et-Cher,12,20 à 49 salariés
Fonds de solidarité,VOLET1,30,5,2764716.00,24,Centre-Val de Loire,41,Loir-et-Cher,21,50 à 99 salariés
Fonds de solidarité,VOLET1,2402,544,5006362.00,24,Centre-Val de Loire,41,Loir-et-Cher,NN,Etablissement non employeur
Fonds de solidarité,VOLET1,3071,485,10691914.00,94,Corse,2A,Corse-du-Sud,00,0 salarié
Fonds de solidarité,VOLET1,11547,1887,48623718.00,94,Corse,2A,Corse-du-Sud,01,1 ou 2 salariés
Fonds de solidarité,VOLET1,6870,1049,42105519.00,94,Corse,2A,Corse-du-Sud,02,3 à 5 salariés
Fonds de solidarité,VOLET1,2311,377,20283027.00,94,Corse,2A,Corse-du-Sud,03,6 à 9 salariés
Fonds de solidarité,VOLET1,1171,180,21929275.00,94,Corse,2A,Corse-du-Sud,11,10 à 19 salariés
Fonds de solidarité,VOLET1,283,50,11865359.00,94,Corse,2A,Corse-du-Sud,12,20 à 49 salariés
Fonds de solidarité,VOLET1,59,10,4574386.00,94,Corse,2A,Corse-du-Sud,21,50 à 99 salariés
Fonds de solidarité,VOLET1,2278,531,4590566.00,94,Corse,2A,Corse-du-Sud,NN,Etablissement non employeur
Fonds de solidarité,VOLET1,7483,1049,31910247.00,94,Corse,2B,Haute-Corse,00,0 salarié
Fonds de solidarité,VOLET1,11826,1965,50592102.00,94,Corse,2B,Haute-Corse,01,1 ou 2 salariés
Fonds de solidarité,VOLET1,4050,721,24087992.00,94,Corse,2B,Haute-Corse,02,3 à 5 salariés
Fonds de solidarité,VOLET1,1285,224,11199705.00,94,Corse,2B,Haute-Corse,03,6 à 9 salariés
Fonds de solidarité,VOLET1,501,102,9457641.00,94,Corse,2B,Haute-Corse,11,10 à 19 salariés
Fonds de solidarité,VOLET1,165,35,10280667.00,94,Corse,2B,Haute-Corse,12,20 à 49 salariés
Fonds de solidarité,VOLET1,4072,720,7540066.00,94,Corse,2B,Haute-Corse,NN,Etablissement non employeur
Fonds de solidarité,VOLET1,1867,365,5123599.00,44,Grand Est,08,Ardennes,00,0 salarié
Fonds de solidarité,VOLET1,5799,1187,20456666.00,44,Grand Est,08,Ardennes,01,1 ou 2 salariés
Fonds de solidarité,VOLET1,2049,435,10131366.00,44,Grand Est,08,Ardennes,02,3 à 5 salariés
Fonds de solidarité,VOLET1,679,148,4021205.00,44,Grand Est,08,Ardennes,03,6 à 9 salariés
Fonds de solidarité,VOLET1,334,59,4800875.00,44,Grand Est,08,Ardennes,11,10 à 19 salariés
Fonds de solidarité,VOLET1,130,22,3551524.00,44,Grand Est,08,Ardennes,12,20 à 49 salariés
Fonds de solidarité,VOLET1,2317,471,4421696.00,44,Grand Est,08,Ardennes,NN,Etablissement non employeur
Fonds de solidarité,VOLET1,2926,667,10777047.00,44,Grand Est,10,Aube,00,0 salarié
Fonds de solidarité,VOLET1,9033,1839,45664468.00,44,Grand Est,10,Aube,01,1 ou 2 salariés
Fonds de solidarité,VOLET1,3402,676,23093236.00,44,Grand Est,10,Aube,02,3 à 5 salariés
Fonds de solidarité,VOLET1,1031,209,8257032.00,44,Grand Est,10,Aube,03,6 à 9 salariés
Fonds de solidarité,VOLET1,549,92,9482344.00,44,Grand Est,10,Aube,11,10 à 19 salariés
Fonds de solidarité,VOLET1,142,31,4459164.00,44,Grand Est,10,Aube,12,20 à 49 salariés
Fonds de solidarité,VOLET1,4449,1055,16441730.00,44,Grand Est,10,Aube,NN,Etablissement non employeur
Fonds de solidarité,VOLET1,11385,2133,36620220.00,44,Grand Est,67,Bas-Rhin,00,0 salarié
Fonds de solidarité,VOLET1,33743,6781,130793308.00,44,Grand Est,67,Bas-Rhin,01,1 ou 2 salariés
Fonds de solidarité,VOLET1,15282,2815,86799047.00,44,Grand Est,67,Bas-Rhin,02,3 à 5 salariés
Fonds de solidarité,VOLET1,6758,1071,55049381.00,44,Grand Est,67,Bas-Rhin,03,6 à 9 salariés
Fonds de solidarité,VOLET1,3549,507,55190971.00,44,Grand Est,67,Bas-Rhin,11,10 à 19 salariés
Fonds de solidarité,VOLET1,1214,186,48190524.00,44,Grand Est,67,Bas-Rhin,12,20 à 49 salariés
Fonds de solidarité,VOLET1,129,24,11984876.00,44,Grand Est,67,Bas-Rhin,21,50 à 99 salariés
Fonds de solidarité,VOLET1,8,5,1447560.00,44,Grand Est,67,Bas-Rhin,22,100 à 199 salariés
Fonds de solidarité,VOLET1,10038,2033,19949808.00,44,Grand Est,67,Bas-Rhin,NN,Etablissement non employeur
Fonds de solidarité,VOLET1,1187,255,3310054.00,44,Grand Est,52,Haute-Marne,00,0 salarié
Fonds de solidarité,VOLET1,3354,710,12134296.00,44,Grand Est,52,Haute-Marne,01,1 ou 2 salariés
Fonds de solidarité,VOLET1,1252,260,6331206.00,44,Grand Est,52,Haute-Marne,02,3 à 5 salariés
Fonds de solidarité,VOLET1,480,103,3364781.00,44,Grand Est,52,Haute-Marne,03,6 à 9 salariés
Fonds de solidarité,VOLET1,298,47,3628251.00,44,Grand Est,52,Haute-Marne,11,10 à 19 salariés
Fonds de solidarité,VOLET1,71,15,2453709.00,44,Grand Est,52,Haute-Marne,12,20 à 49 salariés
Fonds de solidarité,VOLET1,1325,296,2632622.00,44,Grand Est,52,Haute-Marne,NN,Etablissement non employeur
Fonds de solidarité,VOLET1,7574,1429,27340637.00,44,Grand Est,68,Haut-Rhin,00,0 salarié
Fonds de solidarité,VOLET1,21455,4192,90152051.00,44,Grand Est,68,Haut-Rhin,01,1 ou 2 salariés
Fonds de solidarité,VOLET1,10179,1865,58038995.00,44,Grand Est,68,Haut-Rhin,02,3 à 5 salariés
Fonds de solidarité,VOLET1,3760,619,30968023.00,44,Grand Est,68,Haut-Rhin,03,6 à 9 salariés
Fonds de solidarité,VOLET1,2163,318,36442037.00,44,Grand Est,68,Haut-Rhin,11,10 à 19 salariés
Fonds de solidarité,VOLET1,732,113,29145340.00,44,Grand Est,68,Haut-Rhin,12,20 à 49 salariés
Fonds de solidarité,VOLET1,61,10,5671082.00,44,Grand Est,68,Haut-Rhin,21,50 à 99 salariés
Fonds de solidarité,VOLET1,17,4,1294635.00,44,Grand Est,68,Haut-Rhin,22,100 à 199 salariés
Fonds de solidarité,VOLET1,5128,1144,10038574.00,44,Grand Est,68,Haut-Rhin,NN,Etablissement non employeur
Fonds de solidarité,VOLET1,6296,1434,26334806.00,44,Grand Est,51,Marne,00,0 salarié
Fonds de solidarité,VOLET1,19724,4290,106078978.00,44,Grand Est,51,Marne,01,1 ou 2 salariés
Fonds de solidarité,VOLET1,7801,1660,62700388.00,44,Grand Est,51,Marne,02,3 à 5 salariés
Fonds de solidarité,VOLET1,2694,532,28204266.00,44,Grand Est,51,Marne,03,6 à 9 salariés
Fonds de solidarité,VOLET1,1353,209,27044325.00,44,Grand Est,51,Marne,11,10 à 19 salariés
Fonds de solidarité,VOLET1,413,71,15088093.00,44,Grand Est,51,Marne,12,20 à 49 salariés
Fonds de solidarité,VOLET1,30,8,2526807.00,44,Grand Est,51,Marne,21,50 à 99 salariés
Fonds de solidarité,VOLET1,13305,3405,51452483.00,44,Grand Est,51,Marne,NN,Etablissement non employeur
Fonds de solidarité,VOLET1,4418,910,13160635.00,44,Grand Est,54,Meurthe-et-Moselle,00,0 salarié
Fonds de solidarité,VOLET1,13931,2854,53855850.00,44,Grand Est,54,Meurthe-et-Moselle,01,1 ou 2 salariés
Fonds de solidarité,VOLET1,5213,1067,26540704.00,44,Grand Est,54,Meurthe-et-Moselle,02,3 à 5 salariés
Fonds de solidarité,VOLET1,2000,393,16153466.00,44,Grand Est,54,Meurthe-et-Moselle,03,6 à 9 salariés
Fonds de solidarité,VOLET1,1239,185,16818297.00,44,Grand Est,54,Meurthe-et-Moselle,11,10 à 19 salariés
Fonds de solidarité,VOLET1,342,58,9452174.00,44,Grand Est,54,Meurthe-et-Moselle,12,20 à 49 salariés
Fonds de solidarité,VOLET1,43,9,3828715.00,44,Grand Est,54,Meurthe-et-Moselle,21,50 à 99 salariés
Fonds de solidarité,VOLET1,4997,1017,9170497.00,44,Grand Est,54,Meurthe-et-Moselle,NN,Etablissement non employeur
Fonds de solidarité,VOLET1,1309,252,3566552.00,44,Grand Est,55,Meuse,00,0 salarié
Fonds de solidarité,VOLET1,3487,709,13203657.00,44,Grand Est,55,Meuse,01,1 ou 2 salariés
Fonds de solidarité,VOLET1,1242,243,6262388.00,44,Grand Est,55,Meuse,02,3 à 5 salariés
Fonds de solidarité,VOLET1,435,85,2973140.00,44,Grand Est,55,Meuse,03,6 à 9 salariés
Fonds de solidarité,VOLET1,176,28,2045327.00,44,Grand Est,55,Meuse,11,10 à 19 salariés
Fonds de solidarité,VOLET1,59,10,1986639.00,44,Grand Est,55,Meuse,12,20 à 49 salariés
Fonds de solidarité,VOLET1,1445,301,2496988.00,44,Grand Est,55,Meuse,NN,Etablissement non employeur
Fonds de solidarité,VOLET1,5951,1280,16690418.00,44,Grand Est,57,Moselle,00,0 salarié
Fonds de solidarité,VOLET1,20982,4303,75006713.00,44,Grand Est,57,Moselle,01,1 ou 2 salariés
Fonds de solidarité,VOLET1,10123,1979,54172264.00,44,Grand Est,57,Moselle,02,3 à 5 salariés
Fonds de solidarité,VOLET1,4036,728,29943166.00,44,Grand Est,57,Moselle,03,6 à 9 salariés
Fonds de solidarité,VOLET1,1715,260,24787142.00,44,Grand Est,57,Moselle,11,10 à 19 salariés
Fonds de solidarité,VOLET1,398,76,16027929.00,44,Grand Est,57,Moselle,12,20 à 49 salariés
Fonds de solidarité,VOLET1,75,14,6130965.00,44,Grand Est,57,Moselle,21,50 à 99 salariés
Fonds de solidarité,VOLET1,12,3,2200429.00,44,Grand Est,57,Moselle,32,250 à 499 salariés
Fonds de solidarité,VOLET1,5310,1171,10247248.00,44,Grand Est,57,Moselle,NN,Etablissement non employeur
Fonds de solidarité,VOLET1,3939,759,12374231.00,44,Grand Est,88,Vosges,00,0 salarié
Fonds de solidarité,VOLET1,10144,1998,42619766.00,44,Grand Est,88,Vosges,01,1 ou 2 salariés
Fonds de solidarité,VOLET1,3743,729,19479511.00,44,Grand Est,88,Vosges,02,3 à 5 salariés
Fonds de solidarité,VOLET1,1314,238,8839512.00,44,Grand Est,88,Vosges,03,6 à 9 salariés
Fonds de solidarité,VOLET1,592,107,7329596.00,44,Grand Est,88,Vosges,11,10 à 19 salariés
Fonds de solidarité,VOLET1,204,43,7550258.00,44,Grand Est,88,Vosges,12,20 à 49 salariés
Fonds de solidarité,VOLET1,34,5,2626100.00,44,Grand Est,88,Vosges,21,50 à 99 salariés
Fonds de solidarité,VOLET1,3638,782,7041046.00,44,Grand Est,88,Vosges,NN,Etablissement non employeur
Fonds de solidarité,VOLET1,4122,797,8863628.00,01,Guadeloupe,971,Guadeloupe,00,0 salarié
Fonds de solidarité,VOLET1,14094,2811,35426927.00,01,Guadeloupe,971,Guadeloupe,01,1 ou 2 salariés
Fonds de solidarité,VOLET1,5053,1053,19378876.00,01,Guadeloupe,971,Guadeloupe,02,3 à 5 salariés
Fonds de solidarité,VOLET1,1930,407,12491664.00,01,Guadeloupe,971,Guadeloupe,03,6 à 9 salariés
Fonds de solidarité,VOLET1,728,136,9278751.00,01,Guadeloupe,971,Guadeloupe,11,10 à 19 salariés
Fonds de solidarité,VOLET1,224,36,11689031.00,01,Guadeloupe,971,Guadeloupe,12,20 à 49 salariés
Fonds de solidarité,VOLET1,39,6,1881775.00,01,Guadeloupe,971,Guadeloupe,21,50 à 99 salariés
Fonds de solidarité,VOLET1,39,6,4475131.00,01,Guadeloupe,971,Guadeloupe,22,100 à 199 salariés
Fonds de solidarité,VOLET1,15539,2767,24434421.00,01,Guadeloupe,971,Guadeloupe,NN,Etablissement non employeur
Fonds de solidarité,VOLET1,2590,377,5929348.00,03,Guyane,973,Guyane,00,0 salarié
Fonds de solidarité,VOLET1,6234,957,14971778.00,03,Guyane,973,Guyane,01,1 ou 2 salariés
Fonds de solidarité,VOLET1,2429,410,7232784.00,03,Guyane,973,Guyane,02,3 à 5 salariés
Fonds de solidarité,VOLET1,921,150,4011789.00,03,Guyane,973,Guyane,03,6 à 9 salariés
Fonds de solidarité,VOLET1,390,60,2651712.00,03,Guyane,973,Guyane,11,10 à 19 salariés
Fonds de solidarité,VOLET1,115,14,2140642.00,03,Guyane,973,Guyane,12,20 à 49 salariés
Fonds de solidarité,VOLET1,4528,592,8301036.00,03,Guyane,973,Guyane,NN,Etablissement non employeur
Fonds de solidarité,VOLET1,3166,633,10167856.00,32,Hauts-de-France,02,Aisne,00,0 salarié
Fonds de solidarité,VOLET1,9525,1965,38694726.00,32,Hauts-de-France,02,Aisne,01,1 ou 2 salariés
Fonds de solidarité,VOLET1,4092,819,22436447.00,32,Hauts-de-France,02,Aisne,02,3 à 5 salariés
Fonds de solidarité,VOLET1,1152,257,7399840.00,32,Hauts-de-France,02,Aisne,03,6 à 9 salariés
Fonds de solidarité,VOLET1,539,94,7477379.00,32,Hauts-de-France,02,Aisne,11,10 à 19 salariés
Fonds de solidarité,VOLET1,274,47,10271251.00,32,Hauts-de-France,02,Aisne,12,20 à 49 salariés
Fonds de solidarité,VOLET1,24,4,1202161.00,32,Hauts-de-France,02,Aisne,21,50 à 99 salariés
Fonds de solidarité,VOLET1,3904,839,10182702.00,32,Hauts-de-France,02,Aisne,NN,Etablissement non employeur
Fonds de solidarité,VOLET1,17781,3320,51411601.00,32,Hauts-de-France,59,Nord,00,0 salarié
Fonds de solidarité,VOLET1,52617,9850,203732838.00,32,Hauts-de-France,59,Nord,01,1 ou 2 salariés
Fonds de solidarité,VOLET1,22532,3972,130301954.00,32,Hauts-de-France,59,Nord,02,3 à 5 salariés
Fonds de solidarité,VOLET1,8531,1482,66696381.00,32,Hauts-de-France,59,Nord,03,6 à 9 salariés
Fonds de solidarité,VOLET1,4196,659,61367679.00,32,Hauts-de-France,59,Nord,11,10 à 19 salariés
Fonds de solidarité,VOLET1,1503,273,48084011.00,32,Hauts-de-France,59,Nord,12,20 à 49 salariés
Fonds de solidarité,VOLET1,170,32,13250278.00,32,Hauts-de-France,59,Nord,21,50 à 99 salariés
Fonds de solidarité,VOLET1,32,11,4988135.00,32,Hauts-de-France,59,Nord,22,100 à 199 salariés
Fonds de solidarité,VOLET1,10,4,1800490.00,32,Hauts-de-France,59,Nord,31,200 à 249 salariés
Fonds de solidarité,VOLET1,13,5,2200300.00,32,Hauts-de-France,59,Nord,32,250 à 499 salariés
Fonds de solidarité,VOLET1,21,6,1786401.00,32,Hauts-de-France,59,Nord,41,500 à 999 salariés
Fonds de solidarité,VOLET1,24,6,3893092.00,32,Hauts-de-France,59,Nord,42,1 000 à 1 999 salariés
Fonds de solidarité,VOLET1,13853,2910,25844721.00,32,Hauts-de-France,59,Nord,NN,Etablissement non employeur
Fonds de solidarité,VOLET1,5077,1051,15077458.00,32,Hauts-de-France,60,Oise,00,0 salarié
Fonds de solidarité,VOLET1,15979,3288,58120752.00,32,Hauts-de-France,60,Oise,01,1 ou 2 salariés
Fonds de solidarité,VOLET1,6478,1318,35299353.00,32,Hauts-de-France,60,Oise,02,3 à 5 salariés
Fonds de solidarité,VOLET1,2136,426,14922445.00,32,Hauts-de-France,60,Oise,03,6 à 9 salariés
Fonds de solidarité,VOLET1,1046,180,15073665.00,32,Hauts-de-France,60,Oise,11,10 à 19 salariés
Fonds de solidarité,VOLET1,420,66,16248325.00,32,Hauts-de-France,60,Oise,12,20 à 49 salariés
Fonds de solidarité,VOLET1,33,7,3536065.00,32,Hauts-de-France,60,Oise,21,50 à 99 salariés
Fonds de solidarité,VOLET1,29,5,3735846.00,32,Hauts-de-France,60,Oise,22,100 à 199 salariés
Fonds de solidarité,VOLET1,4330,992,8359510.00,32,Hauts-de-France,60,Oise,NN,Etablissement non employeur
Fonds de solidarité,VOLET1,8890,1728,24677197.00,32,Hauts-de-France,62,Pas-de-Calais,00,0 salarié
Fonds de solidarité,VOLET1,27561,5482,104347316.00,32,Hauts-de-France,62,Pas-de-Calais,01,1 ou 2 salariés
Fonds de solidarité,VOLET1,10412,2044,57242752.00,32,Hauts-de-France,62,Pas-de-Calais,02,3 à 5 salariés
Fonds de solidarité,VOLET1,4007,753,30901028.00,32,Hauts-de-France,62,Pas-de-Calais,03,6 à 9 salariés
Fonds de solidarité,VOLET1,1871,327,28348855.00,32,Hauts-de-France,62,Pas-de-Calais,11,10 à 19 salariés
Fonds de solidarité,VOLET1,814,141,28973250.00,32,Hauts-de-France,62,Pas-de-Calais,12,20 à 49 salariés
Fonds de solidarité,VOLET1,86,14,6874947.00,32,Hauts-de-France,62,Pas-de-Calais,21,50 à 99 salariés
Fonds de solidarité,VOLET1,8667,1784,15832026.00,32,Hauts-de-France,62,Pas-de-Calais,NN,Etablissement non employeur
Fonds de solidarité,VOLET1,3680,733,11981010.00,32,Hauts-de-France,80,Somme,00,0 salarié
Fonds de solidarité,VOLET1,10891,2156,42372641.00,32,Hauts-de-France,80,Somme,01,1 ou 2 salariés
Fonds de solidarité,VOLET1,4693,900,24948028.00,32,Hauts-de-France,80,Somme,02,3 à 5 salariés
Fonds de solidarité,VOLET1,1597,298,13483502.00,32,Hauts-de-France,80,Somme,03,6 à 9 salariés
Fonds de solidarité,VOLET1,791,128,12298015.00,32,Hauts-de-France,80,Somme,11,10 à 19 salariés
Fonds de solidarité,VOLET1,392,89,11821623.00,32,Hauts-de-France,80,Somme,12,20 à 49 salariés
Fonds de solidarité,VOLET1,16,4,1018778.00,32,Hauts-de-France,80,Somme,21,50 à 99 salariés
Fonds de solidarité,VOLET1,3591,787,6975912.00,32,Hauts-de-France,80,Somme,NN,Etablissement non employeur
Fonds de solidarité,VOLET1,9496,1717,26419236.00,11,Île-de-France,91,Essonne,00,0 salarié
Fonds de solidarité,VOLET1,25477,5193,88178208.00,11,Île-de-France,91,Essonne,01,1 ou 2 salariés
Fonds de solidarité,VOLET1,11158,2278,61016499.00,11,Île-de-France,91,Essonne,02,3 à 5 salariés
Fonds de solidarité,VOLET1,4112,796,32492750.00,11,Île-de-France,91,Essonne,03,6 à 9 salariés
Fonds de solidarité,VOLET1,1695,297,28330853.00,11,Île-de-France,91,Essonne,11,10 à 19 salariés
Fonds de solidarité,VOLET1,684,120,27437440.00,11,Île-de-France,91,Essonne,12,20 à 49 salariés
Fonds de solidarité,VOLET1,70,14,6599453.00,11,Île-de-France,91,Essonne,21,50 à 99 salariés
Fonds de solidarité,VOLET1,37,8,4744729.00,11,Île-de-France,91,Essonne,22,100 à 199 salariés
Fonds de solidarité,VOLET1,7,3,946799.00,11,Île-de-France,91,Essonne,31,200 à 249 salariés
Fonds de solidarité,VOLET1,24,4,3841622.00,11,Île-de-France,91,Essonne,32,250 à 499 salariés
Fonds de solidarité,VOLET1,7852,1587,16194836.00,11,Île-de-France,91,Essonne,NN,Etablissement non employeur
Fonds de solidarité,VOLET1,19595,3144,62157834.00,11,Île-de-France,92,Hauts-de-Seine,00,0 salarié
Fonds de solidarité,VOLET1,45848,7716,184521963.00,11,Île-de-France,92,Hauts-de-Seine,01,1 ou 2 salariés
Fonds de solidarité,VOLET1,24097,3778,153946831.00,11,Île-de-France,92,Hauts-de-Seine,02,3 à 5 salariés
Fonds de solidarité,VOLET1,10077,1498,101135126.00,11,Île-de-France,92,Hauts-de-Seine,03,6 à 9 salariés
Fonds de solidarité,VOLET1,4856,711,96157446.00,11,Île-de-France,92,Hauts-de-Seine,11,10 à 19 salariés
Fonds de solidarité,VOLET1,1584,279,76845021.00,11,Île-de-France,92,Hauts-de-Seine,12,20 à 49 salariés
Fonds de solidarité,VOLET1,235,43,26763216.00,11,Île-de-France,92,Hauts-de-Seine,21,50 à 99 salariés
Fonds de solidarité,VOLET1,138,32,18769981.00,11,Île-de-France,92,Hauts-de-Seine,22,100 à 199 salariés
Fonds de solidarité,VOLET1,11,4,2184486.00,11,Île-de-France,92,Hauts-de-Seine,31,200 à 249 salariés
Fonds de solidarité,VOLET1,45,7,5824754.00,11,Île-de-France,92,Hauts-de-Seine,32,250 à 499 salariés
Fonds de solidarité,VOLET1,43,10,8094673.00,11,Île-de-France,92,Hauts-de-Seine,41,500 à 999 salariés
Fonds de solidarité,VOLET1,20,7,3857060.00,11,Île-de-France,92,Hauts-de-Seine,42,1 000 à 1 999 salariés
Fonds de solidarité,VOLET1,26,4,4534035.00,11,Île-de-France,92,Hauts-de-Seine,51,2 000 à 4 999 salariés
Fonds de solidarité,VOLET1,14737,2648,28445784.00,11,Île-de-France,92,Hauts-de-Seine,NN,Etablissement non employeur
Fonds de solidarité,VOLET1,60954,9647,219914797.00,11,Île-de-France,75,Paris,00,0 salarié
Fonds de solidarité,VOLET1,163258,25450,707328148.00,11,Île-de-France,75,Paris,01,1 ou 2 salariés
Fonds de solidarité,VOLET1,94351,12848,648609256.00,11,Île-de-France,75,Paris,02,3 à 5 salariés
Fonds de solidarité,VOLET1,50483,6172,537807203.00,11,Île-de-France,75,Paris,03,6 à 9 salariés
Fonds de solidarité,VOLET1,30839,3830,589905009.00,11,Île-de-France,75,Paris,11,10 à 19 salariés
Fonds de solidarité,VOLET1,10170,1382,473836662.00,11,Île-de-France,75,Paris,12,20 à 49 salariés
Fonds de solidarité,VOLET1,1336,230,133419248.00,11,Île-de-France,75,Paris,21,50 à 99 salariés
Fonds de solidarité,VOLET1,455,97,69925954.00,11,Île-de-France,75,Paris,22,100 à 199 salariés
Fonds de solidarité,VOLET1,84,19,13048704.00,11,Île-de-France,75,Paris,31,200 à 249 salariés
Fonds de solidarité,VOLET1,267,58,47295764.00,11,Île-de-France,75,Paris,32,250 à 499 salariés
Fonds de solidarité,VOLET1,97,26,17680850.00,11,Île-de-France,75,Paris,41,500 à 999 salariés
Fonds de solidarité,VOLET1,31,8,4953564.00,11,Île-de-France,75,Paris,42,1 000 à 1 999 salariés
Fonds de solidarité,VOLET1,12,4,2400000.00,11,Île-de-France,75,Paris,51,2 000 à 4 999 salariés
Fonds de solidarité,VOLET1,53119,8882,117487977.00,11,Île-de-France,75,Paris,NN,Etablissement non employeur
Fonds de solidarité,VOLET1,11666,2099,33713413.00,11,Île-de-France,77,Seine-et-Marne,00,0 salarié
Fonds de solidarité,VOLET1,30913,6221,110339748.00,11,Île-de-France,77,Seine-et-Marne,01,1 ou 2 salariés
Fonds de solidarité,VOLET1,13015,2669,73179759.00,11,Île-de-France,77,Seine-et-Marne,02,3 à 5 salariés
Fonds de solidarité,VOLET1,5214,952,41166678.00,11,Île-de-France,77,Seine-et-Marne,03,6 à 9 salariés
Fonds de solidarité,VOLET1,2394,386,40090396.00,11,Île-de-France,77,Seine-et-Marne,11,10 à 19 salariés
Fonds de solidarité,VOLET1,838,141,32942332.00,11,Île-de-France,77,Seine-et-Marne,12,20 à 49 salariés
Fonds de solidarité,VOLET1,99,17,9621320.00,11,Île-de-France,77,Seine-et-Marne,21,50 à 99 salariés
Fonds de solidarité,VOLET1,15,3,2580580.00,11,Île-de-France,77,Seine-et-Marne,22,100 à 199 salariés
Fonds de solidarité,VOLET1,11260,1988,20353247.00,11,Île-de-France,77,Seine-et-Marne,NN,Etablissement non employeur
Fonds de solidarité,VOLET1,15453,2377,41165979.00,11,Île-de-France,93,Seine-Saint-Denis,00,0 salarié
Fonds de solidarité,VOLET1,48871,8597,164181875.00,11,Île-de-France,93,Seine-Saint-Denis,01,1 ou 2 salariés
Fonds de solidarité,VOLET1,24119,4651,132875460.00,11,Île-de-France,93,Seine-Saint-Denis,02,3 à 5 salariés
Fonds de solidarité,VOLET1,7762,1535,63775333.00,11,Île-de-France,93,Seine-Saint-Denis,03,6 à 9 salariés
Fonds de solidarité,VOLET1,3540,601,52051069.00,11,Île-de-France,93,Seine-Saint-Denis,11,10 à 19 salariés
Fonds de solidarité,VOLET1,1205,205,49623061.00,11,Île-de-France,93,Seine-Saint-Denis,12,20 à 49 salariés
Fonds de solidarité,VOLET1,129,24,12692118.00,11,Île-de-France,93,Seine-Saint-Denis,21,50 à 99 salariés
Fonds de solidarité,VOLET1,36,16,4277625.00,11,Île-de-France,93,Seine-Saint-Denis,22,100 à 199 salariés
Fonds de solidarité,VOLET1,24,4,4201621.00,11,Île-de-France,93,Seine-Saint-Denis,31,200 à 249 salariés
Fonds de solidarité,VOLET1,33,9,3512819.00,11,Île-de-France,93,Seine-Saint-Denis,32,250 à 499 salariés
Fonds de solidarité,VOLET1,15700,2328,28403027.00,11,Île-de-France,93,Seine-Saint-Denis,NN,Etablissement non employeur
Fonds de solidarité,VOLET1,13524,2243,41111233.00,11,Île-de-France,94,Val-de-Marne,00,0 salarié
Fonds de solidarité,VOLET1,37438,6657,132304036.00,11,Île-de-France,94,Val-de-Marne,01,1 ou 2 salariés
Fonds de solidarité,VOLET1,16576,3049,90031170.00,11,Île-de-France,94,Val-de-Marne,02,3 à 5 salariés
Fonds de solidarité,VOLET1,6322,1078,57448098.00,11,Île-de-France,94,Val-de-Marne,03,6 à 9 salariés
Fonds de solidarité,VOLET1,2684,433,45503782.00,11,Île-de-France,94,Val-de-Marne,11,10 à 19 salariés
Fonds de solidarité,VOLET1,1093,187,54045742.00,11,Île-de-France,94,Val-de-Marne,12,20 à 49 salariés
Fonds de solidarité,VOLET1,87,15,9951836.00,11,Île-de-France,94,Val-de-Marne,21,50 à 99 salariés
Fonds de solidarité,VOLET1,62,14,7536488.00,11,Île-de-France,94,Val-de-Marne,22,100 à 199 salariés
Fonds de solidarité,VOLET1,19,4,2675409.00,11,Île-de-France,94,Val-de-Marne,32,250 à 499 salariés
Fonds de solidarité,VOLET1,9,4,1006000.00,11,Île-de-France,94,Val-de-Marne,41,500 à 999 salariés
Fonds de solidarité,VOLET1,17,4,3200851.00,11,Île-de-France,94,Val-de-Marne,42,1 000 à 1 999 salariés
Fonds de solidarité,VOLET1,13723,2205,24933642.00,11,Île-de-France,94,Val-de-Marne,NN,Etablissement non employeur
Fonds de solidarité,VOLET1,9799,1672,25694315.00,11,Île-de-France,95,Val-d'Oise,00,0 salarié
Fonds de solidarité,VOLET1,29010,5526,96508122.00,11,Île-de-France,95,Val-d'Oise,01,1 ou 2 salariés
Fonds de solidarité,VOLET1,12670,2586,65598608.00,11,Île-de-France,95,Val-d'Oise,02,3 à 5 salariés
Fonds de solidarité,VOLET1,4635,883,32712410.00,11,Île-de-France,95,Val-d'Oise,03,6 à 9 salariés
Fonds de solidarité,VOLET1,2133,367,29180240.00,11,Île-de-France,95,Val-d'Oise,11,10 à 19 salariés
Fonds de solidarité,VOLET1,720,122,30622993.00,11,Île-de-France,95,Val-d'Oise,12,20 à 49 salariés
Fonds de solidarité,VOLET1,83,21,5790835.00,11,Île-de-France,95,Val-d'Oise,21,50 à 99 salariés
Fonds de solidarité,VOLET1,36,9,5371782.00,11,Île-de-France,95,Val-d'Oise,22,100 à 199 salariés
Fonds de solidarité,VOLET1,9558,1686,17366934.00,11,Île-de-France,95,Val-d'Oise,NN,Etablissement non employeur
Fonds de solidarité,VOLET1,10488,2050,30584186.00,11,Île-de-France,78,Yvelines,00,0 salarié
Fonds de solidarité,VOLET1,27857,5750,106544882.00,11,Île-de-France,78,Yvelines,01,1 ou 2 salariés
Fonds de solidarité,VOLET1,13250,2493,78244819.00,11,Île-de-France,78,Yvelines,02,3 à 5 salariés
Fonds de solidarité,VOLET1,5375,918,44359290.00,11,Île-de-France,78,Yvelines,03,6 à 9 salariés
Fonds de solidarité,VOLET1,2443,390,43055265.00,11,Île-de-France,78,Yvelines,11,10 à 19 salariés
Fonds de solidarité,VOLET1,842,138,35044104.00,11,Île-de-France,78,Yvelines,12,20 à 49 salariés
Fonds de solidarité,VOLET1,88,14,6668901.00,11,Île-de-France,78,Yvelines,21,50 à 99 salariés
Fonds de solidarité,VOLET1,20,7,2738075.00,11,Île-de-France,78,Yvelines,22,100 à 199 salariés
Fonds de solidarité,VOLET1,16,3,1371346.00,11,Île-de-France,78,Yvelines,31,200 à 249 salariés
Fonds de solidarité,VOLET1,9200,1957,18514693.00,11,Île-de-France,78,Yvelines,NN,Etablissement non employeur
Fonds de solidarité,VOLET1,8068,1913,16479465.00,04,La Réunion,974,La Réunion,00,0 salarié
Fonds de solidarité,VOLET1,18117,4979,40711240.00,04,La Réunion,974,La Réunion,01,1 ou 2 salariés
Fonds de solidarité,VOLET1,6236,1894,21035750.00,04,La Réunion,974,La Réunion,02,3 à 5 salariés
Fonds de solidarité,VOLET1,2694,741,16993352.00,04,La Réunion,974,La Réunion,03,6 à 9 salariés
Fonds de solidarité,VOLET1,1197,233,18871912.00,04,La Réunion,974,La Réunion,11,10 à 19 salariés
Fonds de solidarité,VOLET1,361,71,15455973.00,04,La Réunion,974,La Réunion,12,20 à 49 salariés
Fonds de solidarité,VOLET1,96,17,6556229.00,04,La Réunion,974,La Réunion,21,50 à 99 salariés
Fonds de solidarité,VOLET1,14,4,1203174.00,04,La Réunion,974,La Réunion,22,100 à 199 salariés
Fonds de solidarité,VOLET1,8746,2143,12596200.00,04,La Réunion,974,La Réunion,NN,Etablissement non employeur
Fonds de solidarité,VOLET1,3705,699,8907353.00,02,Martinique,972,Martinique,00,0 salarié
Fonds de solidarité,VOLET1,11446,2248,32202795.00,02,Martinique,972,Martinique,01,1 ou 2 salariés
Fonds de solidarité,VOLET1,4416,967,19469696.00,02,Martinique,972,Martinique,02,3 à 5 salariés
Fonds de solidarité,VOLET1,1833,398,11618835.00,02,Martinique,972,Martinique,03,6 à 9 salariés
Fonds de solidarité,VOLET1,902,160,10278921.00,02,Martinique,972,Martinique,11,10 à 19 salariés
Fonds de solidarité,VOLET1,312,56,8241934.00,02,Martinique,972,Martinique,12,20 à 49 salariés
Fonds de solidarité,VOLET1,48,7,2166431.00,02,Martinique,972,Martinique,21,50 à 99 salariés
Fonds de solidarité,VOLET1,12,4,898798.00,02,Martinique,972,Martinique,22,100 à 199 salariés
Fonds de solidarité,VOLET1,8320,1493,12553021.00,02,Martinique,972,Martinique,NN,Etablissement non employeur
Fonds de solidarité,VOLET1,1361,242,4634813.00,06,Mayotte,976,Mayotte,00,0 salarié
Fonds de solidarité,VOLET1,947,139,2622736.00,06,Mayotte,976,Mayotte,01,1 ou 2 salariés
Fonds de solidarité,VOLET1,331,64,1000068.00,06,Mayotte,976,Mayotte,02,3 à 5 salariés
Fonds de solidarité,VOLET1,93,23,295835.00,06,Mayotte,976,Mayotte,03,6 à 9 salariés
Fonds de solidarité,VOLET1,56,10,201090.00,06,Mayotte,976,Mayotte,11,10 à 19 salariés
Fonds de solidarité,VOLET1,23,5,175098.00,06,Mayotte,976,Mayotte,12,20 à 49 salariés
Fonds de solidarité,VOLET1,10,6,20871.00,06,Mayotte,976,Mayotte,NN,Etablissement non employeur
Fonds de solidarité,VOLET1,8238,1486,29443988.00,28,Normandie,14,Calvados,00,0 salarié
Fonds de solidarité,VOLET1,19217,3815,80699399.00,28,Normandie,14,Calvados,01,1 ou 2 salariés
Fonds de solidarité,VOLET1,7940,1450,48549607.00,28,Normandie,14,Calvados,02,3 à 5 salariés
Fonds de solidarité,VOLET1,3305,547,30818197.00,28,Normandie,14,Calvados,03,6 à 9 salariés
Fonds de solidarité,VOLET1,1685,269,27527152.00,28,Normandie,14,Calvados,11,10 à 19 salariés
Fonds de solidarité,VOLET1,568,96,21794536.00,28,Normandie,14,Calvados,12,20 à 49 salariés
Fonds de solidarité,VOLET1,49,12,2535962.00,28,Normandie,14,Calvados,21,50 à 99 salariés
Fonds de solidarité,VOLET1,17,6,2148536.00,28,Normandie,14,Calvados,22,100 à 199 salariés
Fonds de solidarité,VOLET1,5163,1128,10549890.00,28,Normandie,14,Calvados,NN,Etablissement non employeur
Fonds de solidarité,VOLET1,4300,856,12992665.00,28,Normandie,27,Eure,00,0 salarié
Fonds de solidarité,VOLET1,12106,2542,45488774.00,28,Normandie,27,Eure,01,1 ou 2 salariés
Fonds de solidarité,VOLET1,4545,944,23763083.00,28,Normandie,27,Eure,02,3 à 5 salariés
Fonds de solidarité,VOLET1,1413,288,9578543.00,28,Normandie,27,Eure,03,6 à 9 salariés
Fonds de solidarité,VOLET1,550,97,8073903.00,28,Normandie,27,Eure,11,10 à 19 salariés
Fonds de solidarité,VOLET1,186,37,5789795.00,28,Normandie,27,Eure,12,20 à 49 salariés
Fonds de solidarité,VOLET1,32,5,2018175.00,28,Normandie,27,Eure,21,50 à 99 salariés
Fonds de solidarité,VOLET1,3709,804,7362752.00,28,Normandie,27,Eure,NN,Etablissement non employeur
Fonds de solidarité,VOLET1,5230,943,18635018.00,28,Normandie,50,Manche,00,0 salarié
Fonds de solidarité,VOLET1,12698,2491,53997769.00,28,Normandie,50,Manche,01,1 ou 2 salariés
Fonds de solidarité,VOLET1,4749,939,27645402.00,28,Normandie,50,Manche,02,3 à 5 salariés
Fonds de solidarité,VOLET1,1720,338,14816771.00,28,Normandie,50,Manche,03,6 à 9 salariés
Fonds de solidarité,VOLET1,612,101,9293503.00,28,Normandie,50,Manche,11,10 à 19 salariés
Fonds de solidarité,VOLET1,229,46,9198012.00,28,Normandie,50,Manche,12,20 à 49 salariés
Fonds de solidarité,VOLET1,32,4,1553227.00,28,Normandie,50,Manche,21,50 à 99 salariés
Fonds de solidarité,VOLET1,3558,791,7094643.00,28,Normandie,50,Manche,NN,Etablissement non employeur
Fonds de solidarité,VOLET1,2269,447,6914148.00,28,Normandie,61,Orne,00,0 salarié
Fonds de solidarité,VOLET1,6652,1362,25555168.00,28,Normandie,61,Orne,01,1 ou 2 salariés
Fonds de solidarité,VOLET1,2109,439,10676051.00,28,Normandie,61,Orne,02,3 à 5 salariés
Fonds de solidarité,VOLET1,579,126,3536046.00,28,Normandie,61,Orne,03,6 à 9 salariés
Fonds de solidarité,VOLET1,210,43,4370314.00,28,Normandie,61,Orne,11,10 à 19 salariés
Fonds de solidarité,VOLET1,87,15,2472849.00,28,Normandie,61,Orne,12,20 à 49 salariés
Fonds de solidarité,VOLET1,2333,519,4752943.00,28,Normandie,61,Orne,NN,Etablissement non employeur
Fonds de solidarité,VOLET1,7956,1510,24914330.00,28,Normandie,76,Seine-Maritime,00,0 salarié
Fonds de solidarité,VOLET1,24898,4894,101323919.00,28,Normandie,76,Seine-Maritime,01,1 ou 2 salariés
Fonds de solidarité,VOLET1,10931,2010,63285662.00,28,Normandie,76,Seine-Maritime,02,3 à 5 salariés
Fonds de solidarité,VOLET1,4056,725,32739411.00,28,Normandie,76,Seine-Maritime,03,6 à 9 salariés
Fonds de solidarité,VOLET1,2158,335,30150701.00,28,Normandie,76,Seine-Maritime,11,10 à 19 salariés
Fonds de solidarité,VOLET1,783,130,26269844.00,28,Normandie,76,Seine-Maritime,12,20 à 49 salariés
Fonds de solidarité,VOLET1,77,16,6359228.00,28,Normandie,76,Seine-Maritime,21,50 à 99 salariés
Fonds de solidarité,VOLET1,22,5,2612337.00,28,Normandie,76,Seine-Maritime,22,100 à 199 salariés
Fonds de solidarité,VOLET1,6535,1434,12470406.00,28,Normandie,76,Seine-Maritime,NN,Etablissement non employeur
Fonds de solidarité,VOLET1,2840,572,8235164.00,75,Nouvelle-Aquitaine,16,Charente,00,0 salarié
Fonds de solidarité,VOLET1,7766,1669,29987818.00,75,Nouvelle-Aquitaine,16,Charente,01,1 ou 2 salariés
Fonds de solidarité,VOLET1,2893,615,15755604.00,75,Nouvelle-Aquitaine,16,Charente,02,3 à 5 salariés
Fonds de solidarité,VOLET1,1130,220,9303602.00,75,Nouvelle-Aquitaine,16,Charente,03,6 à 9 salariés
Fonds de solidarité,VOLET1,491,81,7448594.00,75,Nouvelle-Aquitaine,16,Charente,11,10 à 19 salariés
Fonds de solidarité,VOLET1,176,29,6521292.00,75,Nouvelle-Aquitaine,16,Charente,12,20 à 49 salariés
Fonds de solidarité,VOLET1,30,7,2700504.00,75,Nouvelle-Aquitaine,16,Charente,21,50 à 99 salariés
Fonds de solidarité,VOLET1,2905,638,5215227.00,75,Nouvelle-Aquitaine,16,Charente,NN,Etablissement non employeur
Fonds de solidarité,VOLET1,11823,2161,44974671.00,75,Nouvelle-Aquitaine,17,Charente-Maritime,00,0 salarié
Fonds de solidarité,VOLET1,20226,4352,84867982.00,75,Nouvelle-Aquitaine,17,Charente-Maritime,01,1 ou 2 salariés
Fonds de solidarité,VOLET1,7415,1537,47079725.00,75,Nouvelle-Aquitaine,17,Charente-Maritime,02,3 à 5 salariés
Fonds de solidarité,VOLET1,2540,523,24295011.00,75,Nouvelle-Aquitaine,17,Charente-Maritime,03,6 à 9 salariés
Fonds de solidarité,VOLET1,1193,211,19796990.00,75,Nouvelle-Aquitaine,17,Charente-Maritime,11,10 à 19 salariés
Fonds de solidarité,VOLET1,468,85,19688788.00,75,Nouvelle-Aquitaine,17,Charente-Maritime,12,20 à 49 salariés
Fonds de solidarité,VOLET1,27,6,1976948.00,75,Nouvelle-Aquitaine,17,Charente-Maritime,21,50 à 99 salariés
Fonds de solidarité,VOLET1,20,4,3519163.00,75,Nouvelle-Aquitaine,17,Charente-Maritime,22,100 à 199 salariés
Fonds de solidarité,VOLET1,5675,1376,11267781.00,75,Nouvelle-Aquitaine,17,Charente-Maritime,NN,Etablissement non employeur
Fonds de solidarité,VOLET1,2812,517,9029806.00,75,Nouvelle-Aquitaine,19,Corrèze,00,0 salarié
Fonds de solidarité,VOLET1,6691,1357,26473586.00,75,Nouvelle-Aquitaine,19,Corrèze,01,1 ou 2 salariés
Fonds de solidarité,VOLET1,2272,464,11828158.00,75,Nouvelle-Aquitaine,19,Corrèze,02,3 à 5 salariés
Fonds de solidarité,VOLET1,878,166,6437360.00,75,Nouvelle-Aquitaine,19,Corrèze,03,6 à 9 salariés
Fonds de solidarité,VOLET1,419,66,6097869.00,75,Nouvelle-Aquitaine,19,Corrèze,11,10 à 19 salariés
Fonds de solidarité,VOLET1,120,23,4994425.00,75,Nouvelle-Aquitaine,19,Corrèze,12,20 à 49 salariés
Fonds de solidarité,VOLET1,3230,799,5963178.00,75,Nouvelle-Aquitaine,19,Corrèze,NN,Etablissement non employeur
Fonds de solidarité,VOLET1,1000,171,2898309.00,75,Nouvelle-Aquitaine,23,Creuse,00,0 salarié
Fonds de solidarité,VOLET1,2647,549,8991190.00,75,Nouvelle-Aquitaine,23,Creuse,01,1 ou 2 salariés
Fonds de solidarité,VOLET1,916,182,4363940.00,75,Nouvelle-Aquitaine,23,Creuse,02,3 à 5 salariés
Fonds de solidarité,VOLET1,183,38,1433669.00,75,Nouvelle-Aquitaine,23,Creuse,03,6 à 9 salariés
Fonds de solidarité,VOLET1,65,13,941883.00,75,Nouvelle-Aquitaine,23,Creuse,11,10 à 19 salariés
Fonds de solidarité,VOLET1,58,9,1557772.00,75,Nouvelle-Aquitaine,23,Creuse,12,20 à 49 salariés
Fonds de solidarité,VOLET1,1293,324,2307229.00,75,Nouvelle-Aquitaine,23,Creuse,NN,Etablissement non employeur
Fonds de solidarité,VOLET1,2126,445,6425900.00,75,Nouvelle-Aquitaine,79,Deux-Sèvres,00,0 salarié
Fonds de solidarité,VOLET1,7149,1525,27499219.00,75,Nouvelle-Aquitaine,79,Deux-Sèvres,01,1 ou 2 salariés
Fonds de solidarité,VOLET1,2696,573,14033436.00,75,Nouvelle-Aquitaine,79,Deux-Sèvres,02,3 à 5 salariés
Fonds de solidarité,VOLET1,905,182,6948093.00,75,Nouvelle-Aquitaine,79,Deux-Sèvres,03,6 à 9 salariés
Fonds de solidarité,VOLET1,488,77,7954510.00,75,Nouvelle-Aquitaine,79,Deux-Sèvres,11,10 à 19 salariés
Fonds de solidarité,VOLET1,142,28,5849997.00,75,Nouvelle-Aquitaine,79,Deux-Sèvres,12,20 à 49 salariés
Fonds de solidarité,VOLET1,37,6,2108655.00,75,Nouvelle-Aquitaine,79,Deux-Sèvres,21,50 à 99 salariés
Fonds de solidarité,VOLET1,2139,483,4043679.00,75,Nouvelle-Aquitaine,79,Deux-Sèvres,NN,Etablissement non employeur
Fonds de solidarité,VOLET1,7951,1285,29346639.00,75,Nouvelle-Aquitaine,24,Dordogne,00,0 salarié
Fonds de solidarité,VOLET1,13829,2759,57147334.00,75,Nouvelle-Aquitaine,24,Dordogne,01,1 ou 2 salariés
Fonds de solidarité,VOLET1,4402,896,24495636.00,75,Nouvelle-Aquitaine,24,Dordogne,02,3 à 5 salariés
Fonds de solidarité,VOLET1,1358,284,10348657.00,75,Nouvelle-Aquitaine,24,Dordogne,03,6 à 9 salariés
Fonds de solidarité,VOLET1,693,112,9835951.00,75,Nouvelle-Aquitaine,24,Dordogne,11,10 à 19 salariés
Fonds de solidarité,VOLET1,169,32,5657661.00,75,Nouvelle-Aquitaine,24,Dordogne,12,20 à 49 salariés
Fonds de solidarité,VOLET1,25,4,2496563.00,75,Nouvelle-Aquitaine,24,Dordogne,21,50 à 99 salariés
Fonds de solidarité,VOLET1,5085,1186,9690485.00,75,Nouvelle-Aquitaine,24,Dordogne,NN,Etablissement non employeur
Fonds de solidarité,VOLET1,22928,4582,79284167.00,75,Nouvelle-Aquitaine,33,Gironde,00,0 salarié
Fonds de solidarité,VOLET1,48745,10181,202362662.00,75,Nouvelle-Aquitaine,33,Gironde,01,1 ou 2 salariés
Fonds de solidarité,VOLET1,20908,4074,125531020.00,75,Nouvelle-Aquitaine,33,Gironde,02,3 à 5 salariés
Fonds de solidarité,VOLET1,8876,1566,74552439.00,75,Nouvelle-Aquitaine,33,Gironde,03,6 à 9 salariés
Fonds de solidarité,VOLET1,4371,708,70079485.00,75,Nouvelle-Aquitaine,33,Gironde,11,10 à 19 salariés
Fonds de solidarité,VOLET1,1448,251,54326315.00,75,Nouvelle-Aquitaine,33,Gironde,12,20 à 49 salariés
Fonds de solidarité,VOLET1,133,28,9589710.00,75,Nouvelle-Aquitaine,33,Gironde,21,50 à 99 salariés
Fonds de solidarité,VOLET1,43,12,4728739.00,75,Nouvelle-Aquitaine,33,Gironde,22,100 à 199 salariés
Fonds de solidarité,VOLET1,3,3,203000.00,75,Nouvelle-Aquitaine,33,Gironde,41,500 à 999 salariés
Fonds de solidarité,VOLET1,16000,3609,37339350.00,75,Nouvelle-Aquitaine,33,Gironde,NN,Etablissement non employeur
Fonds de solidarité,VOLET1,3374,629,9772613.00,75,Nouvelle-Aquitaine,87,Haute-Vienne,00,0 salarié
Fonds de solidarité,VOLET1,8129,1636,30823073.00,75,Nouvelle-Aquitaine,87,Haute-Vienne,01,1 ou 2 salariés
Fonds de solidarité,VOLET1,3184,644,17589359.00,75,Nouvelle-Aquitaine,87,Haute-Vienne,02,3 à 5 salariés
Fonds de solidarité,VOLET1,1269,220,8720249.00,75,Nouvelle-Aquitaine,87,Haute-Vienne,03,6 à 9 salariés
Fonds de solidarité,VOLET1,658,116,9426394.00,75,Nouvelle-Aquitaine,87,Haute-Vienne,11,10 à 19 salariés
Fonds de solidarité,VOLET1,273,42,10480526.00,75,Nouvelle-Aquitaine,87,Haute-Vienne,12,20 à 49 salariés
Fonds de solidarité,VOLET1,3419,753,6355562.00,75,Nouvelle-Aquitaine,87,Haute-Vienne,NN,Etablissement non employeur
Fonds de solidarité,VOLET1,8207,1436,31410627.00,75,Nouvelle-Aquitaine,40,Landes,00,0 salarié
Fonds de solidarité,VOLET1,12622,2597,50666960.00,75,Nouvelle-Aquitaine,40,Landes,01,1 ou 2 salariés
Fonds de solidarité,VOLET1,4228,898,23529807.00,75,Nouvelle-Aquitaine,40,Landes,02,3 à 5 salariés
Fonds de solidarité,VOLET1,1487,293,13616723.00,75,Nouvelle-Aquitaine,40,Landes,03,6 à 9 salariés
Fonds de solidarité,VOLET1,663,114,9103734.00,75,Nouvelle-Aquitaine,40,Landes,11,10 à 19 salariés
Fonds de solidarité,VOLET1,388,65,13723420.00,75,Nouvelle-Aquitaine,40,Landes,12,20 à 49 salariés
Fonds de solidarité,VOLET1,32,6,2796751.00,75,Nouvelle-Aquitaine,40,Landes,21,50 à 99 salariés
Fonds de solidarité,VOLET1,3682,830,7126295.00,75,Nouvelle-Aquitaine,40,Landes,NN,Etablissement non employeur
Fonds de solidarité,VOLET1,4037,778,13175756.00,75,Nouvelle-Aquitaine,47,Lot-et-Garonne,00,0 salarié
Fonds de solidarité,VOLET1,8497,1825,31184764.00,75,Nouvelle-Aquitaine,47,Lot-et-Garonne,01,1 ou 2 salariés
Fonds de solidarité,VOLET1,3237,691,16621055.00,75,Nouvelle-Aquitaine,47,Lot-et-Garonne,02,3 à 5 salariés
Fonds de solidarité,VOLET1,896,210,5685092.00,75,Nouvelle-Aquitaine,47,Lot-et-Garonne,03,6 à 9 salariés
Fonds de solidarité,VOLET1,431,68,5849523.00,75,Nouvelle-Aquitaine,47,Lot-et-Garonne,11,10 à 19 salariés
Fonds de solidarité,VOLET1,126,25,6051683.00,75,Nouvelle-Aquitaine,47,Lot-et-Garonne,12,20 à 49 salariés
Fonds de solidarité,VOLET1,3104,756,5901657.00,75,Nouvelle-Aquitaine,47,Lot-et-Garonne,NN,Etablissement non employeur
Fonds de solidarité,VOLET1,10495,1859,37268506.00,75,Nouvelle-Aquitaine,64,Pyrénées-Atlantiques,00,0 salarié
Fonds de solidarité,VOLET1,24153,4833,99617762.00,75,Nouvelle-Aquitaine,64,Pyrénées-Atlantiques,01,1 ou 2 salariés
Fonds de solidarité,VOLET1,9643,1835,56975676.00,75,Nouvelle-Aquitaine,64,Pyrénées-Atlantiques,02,3 à 5 salariés
Fonds de solidarité,VOLET1,3600,673,29906516.00,75,Nouvelle-Aquitaine,64,Pyrénées-Atlantiques,03,6 à 9 salariés
Fonds de solidarité,VOLET1,1677,296,25468849.00,75,Nouvelle-Aquitaine,64,Pyrénées-Atlantiques,11,10 à 19 salariés
Fonds de solidarité,VOLET1,548,107,20469267.00,75,Nouvelle-Aquitaine,64,Pyrénées-Atlantiques,12,20 à 49 salariés
Fonds de solidarité,VOLET1,63,17,3999009.00,75,Nouvelle-Aquitaine,64,Pyrénées-Atlantiques,21,50 à 99 salariés
Fonds de solidarité,VOLET1,8233,1925,16234296.00,75,Nouvelle-Aquitaine,64,Pyrénées-Atlantiques,NN,Etablissement non employeur
Fonds de solidarité,VOLET1,2864,578,8770137.00,75,Nouvelle-Aquitaine,86,Vienne,00,0 salarié
Fonds de solidarité,VOLET1,8483,1782,31949388.00,75,Nouvelle-Aquitaine,86,Vienne,01,1 ou 2 salariés
Fonds de solidarité,VOLET1,3146,655,15623217.00,75,Nouvelle-Aquitaine,86,Vienne,02,3 à 5 salariés
Fonds de solidarité,VOLET1,1280,248,10269381.00,75,Nouvelle-Aquitaine,86,Vienne,03,6 à 9 salariés
Fonds de solidarité,VOLET1,673,107,10532019.00,75,Nouvelle-Aquitaine,86,Vienne,11,10 à 19 salariés
Fonds de solidarité,VOLET1,342,49,11188683.00,75,Nouvelle-Aquitaine,86,Vienne,12,20 à 49 salariés
Fonds de solidarité,VOLET1,42,9,2282795.00,75,Nouvelle-Aquitaine,86,Vienne,21,50 à 99 salariés
Fonds de solidarité,VOLET1,2644,601,5397073.00,75,Nouvelle-Aquitaine,86,Vienne,NN,Etablissement non employeur
Fonds de solidarité,VOLET1,1196,250,3098618.00,76,Occitanie,09,Ariège,00,0 salarié
Fonds de solidarité,VOLET1,4784,911,18359661.00,76,Occitanie,09,Ariège,01,1 ou 2 salariés
Fonds de solidarité,VOLET1,1991,339,11259974.00,76,Occitanie,09,Ariège,02,3 à 5 salariés
Fonds de solidarité,VOLET1,544,103,3783649.00,76,Occitanie,09,Ariège,03,6 à 9 salariés
Fonds de solidarité,VOLET1,217,39,2562720.00,76,Occitanie,09,Ariège,11,10 à 19 salariés
Fonds de solidarité,VOLET1,86,13,2194950.00,76,Occitanie,09,Ariège,12,20 à 49 salariés
Fonds de solidarité,VOLET1,1853,451,3261051.00,76,Occitanie,09,Ariège,NN,Etablissement non employeur
Fonds de solidarité,VOLET1,7955,1296,28850067.00,76,Occitanie,11,Aude,00,0 salarié
Fonds de solidarité,VOLET1,13235,2502,54620606.00,76,Occitanie,11,Aude,01,1 ou 2 salariés
Fonds de solidarité,VOLET1,4433,868,24786966.00,76,Occitanie,11,Aude,02,3 à 5 salariés
Fonds de solidarité,VOLET1,1617,285,11423096.00,76,Occitanie,11,Aude,03,6 à 9 salariés
Fonds de solidarité,VOLET1,689,110,10011575.00,76,Occitanie,11,Aude,11,10 à 19 salariés
Fonds de solidarité,VOLET1,224,44,6565975.00,76,Occitanie,11,Aude,12,20 à 49 salariés
Fonds de solidarité,VOLET1,24,6,1470495.00,76,Occitanie,11,Aude,21,50 à 99 salariés
Fonds de solidarité,VOLET1,4103,867,7691101.00,76,Occitanie,11,Aude,NN,Etablissement non employeur
Fonds de solidarité,VOLET1,4997,859,17548159.00,76,Occitanie,12,Aveyron,00,0 salarié
Fonds de solidarité,VOLET1,9521,1924,36900730.00,76,Occitanie,12,Aveyron,01,1 ou 2 salariés
Fonds de solidarité,VOLET1,3139,628,16679278.00,76,Occitanie,12,Aveyron,02,3 à 5 salariés
Fonds de solidarité,VOLET1,1111,204,7355851.00,76,Occitanie,12,Aveyron,03,6 à 9 salariés
Fonds de solidarité,VOLET1,499,93,7842250.00,76,Occitanie,12,Aveyron,11,10 à 19 salariés
Fonds de solidarité,VOLET1,164,36,6603172.00,76,Occitanie,12,Aveyron,12,20 à 49 salariés
Fonds de solidarité,VOLET1,4499,1082,7837262.00,76,Occitanie,12,Aveyron,NN,Etablissement non employeur
Fonds de solidarité,VOLET1,12051,2152,39312833.00,76,Occitanie,30,Gard,00,0 salarié
Fonds de solidarité,VOLET1,27347,5263,104043698.00,76,Occitanie,30,Gard,01,1 ou 2 salariés
Fonds de solidarité,VOLET1,8714,1726,48590721.00,76,Occitanie,30,Gard,02,3 à 5 salariés
Fonds de solidarité,VOLET1,2620,524,20395096.00,76,Occitanie,30,Gard,03,6 à 9 salariés
Fonds de solidarité,VOLET1,1169,206,16775160.00,76,Occitanie,30,Gard,11,10 à 19 salariés
Fonds de solidarité,VOLET1,313,60,14187350.00,76,Occitanie,30,Gard,12,20 à 49 salariés
Fonds de solidarité,VOLET1,45,9,2599738.00,76,Occitanie,30,Gard,21,50 à 99 salariés
Fonds de solidarité,VOLET1,7,3,1400000.00,76,Occitanie,30,Gard,22,100 à 199 salariés
Fonds de solidarité,VOLET1,9337,1953,17484456.00,76,Occitanie,30,Gard,NN,Etablissement non employeur
Fonds de solidarité,VOLET1,2783,532,9105957.00,76,Occitanie,32,Gers,00,0 salarié
Fonds de solidarité,VOLET1,6011,1285,24683359.00,76,Occitanie,32,Gers,01,1 ou 2 salariés
Fonds de solidarité,VOLET1,2031,438,10620397.00,76,Occitanie,32,Gers,02,3 à 5 salariés
Fonds de solidarité,VOLET1,621,130,4494252.00,76,Occitanie,32,Gers,03,6 à 9 salariés
Fonds de solidarité,VOLET1,347,63,4434235.00,76,Occitanie,32,Gers,11,10 à 19 salariés
Fonds de solidarité,VOLET1,71,13,2370313.00,76,Occitanie,32,Gers,12,20 à 49 salariés
Fonds de solidarité,VOLET1,2774,675,5753071.00,76,Occitanie,32,Gers,NN,Etablissement non employeur
Fonds de solidarité,VOLET1,15325,3100,43677154.00,76,Occitanie,31,Haute-Garonne,00,0 salarié
Fonds de solidarité,VOLET1,38568,7693,143692544.00,76,Occitanie,31,Haute-Garonne,01,1 ou 2 salariés
Fonds de solidarité,VOLET1,16589,3090,96010031.00,76,Occitanie,31,Haute-Garonne,02,3 à 5 salariés
Fonds de solidarité,VOLET1,6531,1140,50796606.00,76,Occitanie,31,Haute-Garonne,03,6 à 9 salariés
Fonds de solidarité,VOLET1,3397,517,53123646.00,76,Occitanie,31,Haute-Garonne,11,10 à 19 salariés
Fonds de solidarité,VOLET1,1196,204,42815935.00,76,Occitanie,31,Haute-Garonne,12,20 à 49 salariés
Fonds de solidarité,VOLET1,159,29,12164518.00,76,Occitanie,31,Haute-Garonne,21,50 à 99 salariés
Fonds de solidarité,VOLET1,43,12,4894545.00,76,Occitanie,31,Haute-Garonne,22,100 à 199 salariés
Fonds de solidarité,VOLET1,8,4,1318981.00,76,Occitanie,31,Haute-Garonne,31,200 à 249 salariés
Fonds de solidarité,VOLET1,12,3,1338337.00,76,Occitanie,31,Haute-Garonne,32,250 à 499 salariés
Fonds de solidarité,VOLET1,12825,2942,22838999.00,76,Occitanie,31,Haute-Garonne,NN,Etablissement non employeur
Fonds de solidarité,VOLET1,5305,716,22357079.00,76,Occitanie,65,Hautes-Pyrénées,00,0 salarié
Fonds de solidarité,VOLET1,9600,1651,43779892.00,76,Occitanie,65,Hautes-Pyrénées,01,1 ou 2 salariés
Fonds de solidarité,VOLET1,3842,647,26605382.00,76,Occitanie,65,Hautes-Pyrénées,02,3 à 5 salariés
Fonds de solidarité,VOLET1,1356,194,13906862.00,76,Occitanie,65,Hautes-Pyrénées,03,6 à 9 salariés
Fonds de solidarité,VOLET1,746,100,12976693.00,76,Occitanie,65,Hautes-Pyrénées,11,10 à 19 salariés
Fonds de solidarité,VOLET1,151,25,5324381.00,76,Occitanie,65,Hautes-Pyrénées,12,20 à 49 salariés
Fonds de solidarité,VOLET1,33,5,2183378.00,76,Occitanie,65,Hautes-Pyrénées,21,50 à 99 salariés
Fonds de solidarité,VOLET1,5055,844,10539526.00,76,Occitanie,65,Hautes-Pyrénées,NN,Etablissement non employeur
Fonds de solidarité,VOLET1,24918,4135,87334538.00,76,Occitanie,34,Hérault,00,0 salarié
Fonds de solidarité,VOLET1,48810,9168,190453512.00,76,Occitanie,34,Hérault,01,1 ou 2 salariés
Fonds de solidarité,VOLET1,16645,3094,96072477.00,76,Occitanie,34,Hérault,02,3 à 5 salariés
Fonds de solidarité,VOLET1,5949,1075,49482328.00,76,Occitanie,34,Hérault,03,6 à 9 salariés
Fonds de solidarité,VOLET1,2862,462,43119217.00,76,Occitanie,34,Hérault,11,10 à 19 salariés
Fonds de solidarité,VOLET1,923,162,34267829.00,76,Occitanie,34,Hérault,12,20 à 49 salariés
Fonds de solidarité,VOLET1,173,28,14257698.00,76,Occitanie,34,Hérault,21,50 à 99 salariés
Fonds de solidarité,VOLET1,15,4,2161503.00,76,Occitanie,34,Hérault,22,100 à 199 salariés
Fonds de solidarité,VOLET1,18,4,2474312.00,76,Occitanie,34,Hérault,32,250 à 499 salariés
Fonds de solidarité,VOLET1,13490,2918,25770778.00,76,Occitanie,34,Hérault,NN,Etablissement non employeur
Fonds de solidarité,VOLET1,3722,615,13741702.00,76,Occitanie,46,Lot,00,0 salarié
Fonds de solidarité,VOLET1,5928,1157,24587896.00,76,Occitanie,46,Lot,01,1 ou 2 salariés
Fonds de solidarité,VOLET1,1940,390,11663030.00,76,Occitanie,46,Lot,02,3 à 5 salariés
Fonds de solidarité,VOLET1,569,121,4526389.00,76,Occitanie,46,Lot,03,6 à 9 salariés
Fonds de solidarité,VOLET1,241,42,3336447.00,76,Occitanie,46,Lot,11,10 à 19 salariés
Fonds de solidarité,VOLET1,103,13,3931341.00,76,Occitanie,46,Lot,12,20 à 49 salariés
Fonds de solidarité,VOLET1,2505,646,4452359.00,76,Occitanie,46,Lot,NN,Etablissement non employeur
Fonds de solidarité,VOLET1,2046,336,8659051.00,76,Occitanie,48,Lozère,00,0 salarié
Fonds de solidarité,VOLET1,2918,567,11966913.00,76,Occitanie,48,Lozère,01,1 ou 2 salariés
Fonds de solidarité,VOLET1,987,185,5565080.00,76,Occitanie,48,Lozère,02,3 à 5 salariés
Fonds de solidarité,VOLET1,224,51,1466237.00,76,Occitanie,48,Lozère,03,6 à 9 salariés
Fonds de solidarité,VOLET1,115,22,2333257.00,76,Occitanie,48,Lozère,11,10 à 19 salariés
Fonds de solidarité,VOLET1,38,8,1120839.00,76,Occitanie,48,Lozère,12,20 à 49 salariés
Fonds de solidarité,VOLET1,2338,544,3929673.00,76,Occitanie,48,Lozère,NN,Etablissement non employeur
Fonds de solidarité,VOLET1,11901,1916,43837453.00,76,Occitanie,66,Pyrénées-Orientales,00,0 salarié
Fonds de solidarité,VOLET1,18009,3484,70743983.00,76,Occitanie,66,Pyrénées-Orientales,01,1 ou 2 salariés
Fonds de solidarité,VOLET1,6524,1244,38518001.00,76,Occitanie,66,Pyrénées-Orientales,02,3 à 5 salariés
Fonds de solidarité,VOLET1,2156,423,17671439.00,76,Occitanie,66,Pyrénées-Orientales,03,6 à 9 salariés
Fonds de solidarité,VOLET1,975,179,16170925.00,76,Occitanie,66,Pyrénées-Orientales,11,10 à 19 salariés
Fonds de solidarité,VOLET1,338,60,13832578.00,76,Occitanie,66,Pyrénées-Orientales,12,20 à 49 salariés
Fonds de solidarité,VOLET1,39,10,2609577.00,76,Occitanie,66,Pyrénées-Orientales,21,50 à 99 salariés
Fonds de solidarité,VOLET1,5907,1216,11067158.00,76,Occitanie,66,Pyrénées-Orientales,NN,Etablissement non employeur
Fonds de solidarité,VOLET1,4241,845,12267212.00,76,Occitanie,81,Tarn,00,0 salarié
Fonds de solidarité,VOLET1,10307,2209,37840207.00,76,Occitanie,81,Tarn,01,1 ou 2 salariés
Fonds de solidarité,VOLET1,3564,744,18447020.00,76,Occitanie,81,Tarn,02,3 à 5 salariés
Fonds de solidarité,VOLET1,1087,224,9024010.00,76,Occitanie,81,Tarn,03,6 à 9 salariés
Fonds de solidarité,VOLET1,509,102,5956222.00,76,Occitanie,81,Tarn,11,10 à 19 salariés
Fonds de solidarité,VOLET1,146,32,4696260.00,76,Occitanie,81,Tarn,12,20 à 49 salariés
Fonds de solidarité,VOLET1,18,3,690765.00,76,Occitanie,81,Tarn,21,50 à 99 salariés
Fonds de solidarité,VOLET1,3822,881,6873486.00,76,Occitanie,81,Tarn,NN,Etablissement non employeur
Fonds de solidarité,VOLET1,2710,549,7919880.00,76,Occitanie,82,Tarn-et-Garonne,00,0 salarié
Fonds de solidarité,VOLET1,6487,1406,24782652.00,76,Occitanie,82,Tarn-et-Garonne,01,1 ou 2 salariés
Fonds de solidarité,VOLET1,2298,486,11776880.00,76,Occitanie,82,Tarn-et-Garonne,02,3 à 5 salariés
Fonds de solidarité,VOLET1,712,159,4842938.00,76,Occitanie,82,Tarn-et-Garonne,03,6 à 9 salariés
Fonds de solidarité,VOLET1,329,59,4185198.00,76,Occitanie,82,Tarn-et-Garonne,11,10 à 19 salariés
Fonds de solidarité,VOLET1,92,19,2792079.00,76,Occitanie,82,Tarn-et-Garonne,12,20 à 49 salariés
Fonds de solidarité,VOLET1,2464,591,4233912.00,76,Occitanie,82,Tarn-et-Garonne,NN,Etablissement non employeur
Fonds de solidarité,VOLET1,13360,2560,44308794.00,52,Pays de la Loire,44,Loire-Atlantique,00,0 salarié
Fonds de solidarité,VOLET1,31957,6524,137896296.00,52,Pays de la Loire,44,Loire-Atlantique,01,1 ou 2 salariés
Fonds de solidarité,VOLET1,14886,2736,89231161.00,52,Pays de la Loire,44,Loire-Atlantique,02,3 à 5 salariés
Fonds de solidarité,VOLET1,5325,972,46821377.00,52,Pays de la Loire,44,Loire-Atlantique,03,6 à 9 salariés
Fonds de solidarité,VOLET1,2682,444,42471427.00,52,Pays de la Loire,44,Loire-Atlantique,11,10 à 19 salariés
Fonds de solidarité,VOLET1,992,170,42957121.00,52,Pays de la Loire,44,Loire-Atlantique,12,20 à 49 salariés
Fonds de solidarité,VOLET1,87,17,5654885.00,52,Pays de la Loire,44,Loire-Atlantique,21,50 à 99 salariés
Fonds de solidarité,VOLET1,20,5,2957679.00,52,Pays de la Loire,44,Loire-Atlantique,22,100 à 199 salariés
Fonds de solidarité,VOLET1,8593,2006,16951065.00,52,Pays de la Loire,44,Loire-Atlantique,NN,Etablissement non employeur
Fonds de solidarité,VOLET1,5791,1162,18275909.00,52,Pays de la Loire,49,Maine-et-Loire,00,0 salarié
Fonds de solidarité,VOLET1,18408,3738,77651163.00,52,Pays de la Loire,49,Maine-et-Loire,01,1 ou 2 salariés
Fonds de solidarité,VOLET1,6998,1464,39352644.00,52,Pays de la Loire,49,Maine-et-Loire,02,3 à 5 salariés
Fonds de solidarité,VOLET1,2496,516,20710514.00,52,Pays de la Loire,49,Maine-et-Loire,03,6 à 9 salariés
Fonds de solidarité,VOLET1,1406,225,19093737.00,52,Pays de la Loire,49,Maine-et-Loire,11,10 à 19 salariés
Fonds de solidarité,VOLET1,524,87,18222906.00,52,Pays de la Loire,49,Maine-et-Loire,12,20 à 49 salariés
Fonds de solidarité,VOLET1,67,17,4062729.00,52,Pays de la Loire,49,Maine-et-Loire,21,50 à 99 salariés
Fonds de solidarité,VOLET1,5043,1163,10378571.00,52,Pays de la Loire,49,Maine-et-Loire,NN,Etablissement non employeur
Fonds de solidarité,VOLET1,2292,454,6918512.00,52,Pays de la Loire,53,Mayenne,00,0 salarié
Fonds de solidarité,VOLET1,6104,1313,23446402.00,52,Pays de la Loire,53,Mayenne,01,1 ou 2 salariés
Fonds de solidarité,VOLET1,2330,505,12215772.00,52,Pays de la Loire,53,Mayenne,02,3 à 5 salariés
Fonds de solidarité,VOLET1,768,168,6224358.00,52,Pays de la Loire,53,Mayenne,03,6 à 9 salariés
Fonds de solidarité,VOLET1,297,61,4250711.00,52,Pays de la Loire,53,Mayenne,11,10 à 19 salariés
Fonds de solidarité,VOLET1,138,26,3780108.00,52,Pays de la Loire,53,Mayenne,12,20 à 49 salariés
Fonds de solidarité,VOLET1,1860,408,3558412.00,52,Pays de la Loire,53,Mayenne,NN,Etablissement non employeur
Fonds de solidarité,VOLET1,3801,738,13613774.00,52,Pays de la Loire,72,Sarthe,00,0 salarié
Fonds de solidarité,VOLET1,10797,2111,44535442.00,52,Pays de la Loire,72,Sarthe,01,1 ou 2 salariés
Fonds de solidarité,VOLET1,4204,850,23181471.00,52,Pays de la Loire,72,Sarthe,02,3 à 5 salariés
Fonds de solidarité,VOLET1,1421,282,10940127.00,52,Pays de la Loire,72,Sarthe,03,6 à 9 salariés
Fonds de solidarité,VOLET1,850,148,14271338.00,52,Pays de la Loire,72,Sarthe,11,10 à 19 salariés
Fonds de solidarité,VOLET1,257,48,10959156.00,52,Pays de la Loire,72,Sarthe,12,20 à 49 salariés
Fonds de solidarité,VOLET1,2890,671,5191676.00,52,Pays de la Loire,72,Sarthe,NN,Etablissement non employeur
Fonds de solidarité,VOLET1,8928,1588,34474402.00,52,Pays de la Loire,85,Vendée,00,0 salarié
Fonds de solidarité,VOLET1,16518,3427,71345692.00,52,Pays de la Loire,85,Vendée,01,1 ou 2 salariés
Fonds de solidarité,VOLET1,7507,1526,46561572.00,52,Pays de la Loire,85,Vendée,02,3 à 5 salariés
Fonds de solidarité,VOLET1,2205,478,21004020.00,52,Pays de la Loire,85,Vendée,03,6 à 9 salariés
Fonds de solidarité,VOLET1,966,180,20405626.00,52,Pays de la Loire,85,Vendée,11,10 à 19 salariés
Fonds de solidarité,VOLET1,397,84,14431979.00,52,Pays de la Loire,85,Vendée,12,20 à 49 salariés
Fonds de solidarité,VOLET1,37,8,2361075.00,52,Pays de la Loire,85,Vendée,21,50 à 99 salariés
Fonds de solidarité,VOLET1,21,5,2133714.00,52,Pays de la Loire,85,Vendée,22,100 à 199 salariés
Fonds de solidarité,VOLET1,4312,1044,8589017.00,52,Pays de la Loire,85,Vendée,NN,Etablissement non employeur
Fonds de solidarité,VOLET1,4341,730,15734038.00,93,Provence-Alpes-Côte d'Azur,04,Alpes-de-Haute-Provence,00,0 salarié
Fonds de solidarité,VOLET1,7984,1417,33623148.00,93,Provence-Alpes-Côte d'Azur,04,Alpes-de-Haute-Provence,01,1 ou 2 salariés
Fonds de solidarité,VOLET1,2716,467,16123586.00,93,Provence-Alpes-Côte d'Azur,04,Alpes-de-Haute-Provence,02,3 à 5 salariés
Fonds de solidarité,VOLET1,668,126,4740282.00,93,Provence-Alpes-Côte d'Azur,04,Alpes-de-Haute-Provence,03,6 à 9 salariés
Fonds de solidarité,VOLET1,266,47,4272687.00,93,Provence-Alpes-Côte d'Azur,04,Alpes-de-Haute-Provence,11,10 à 19 salariés
Fonds de solidarité,VOLET1,117,20,3395935.00,93,Provence-Alpes-Côte d'Azur,04,Alpes-de-Haute-Provence,12,20 à 49 salariés
Fonds de solidarité,VOLET1,14,3,966398.00,93,Provence-Alpes-Côte d'Azur,04,Alpes-de-Haute-Provence,21,50 à 99 salariés
Fonds de solidarité,VOLET1,2961,564,5906957.00,93,Provence-Alpes-Côte d'Azur,04,Alpes-de-Haute-Provence,NN,Etablissement non employeur
Fonds de solidarité,VOLET1,25237,4088,85415211.00,93,Provence-Alpes-Côte d'Azur,06,Alpes-Maritimes,00,0 salarié
Fonds de solidarité,VOLET1,60638,10168,244721392.00,93,Provence-Alpes-Côte d'Azur,06,Alpes-Maritimes,01,1 ou 2 salariés
Fonds de solidarité,VOLET1,22057,3486,138141625.00,93,Provence-Alpes-Côte d'Azur,06,Alpes-Maritimes,02,3 à 5 salariés
Fonds de solidarité,VOLET1,8910,1273,84816789.00,93,Provence-Alpes-Côte d'Azur,06,Alpes-Maritimes,03,6 à 9 salariés
Fonds de solidarité,VOLET1,4935,701,93730395.00,93,Provence-Alpes-Côte d'Azur,06,Alpes-Maritimes,11,10 à 19 salariés
Fonds de solidarité,VOLET1,1759,251,82952139.00,93,Provence-Alpes-Côte d'Azur,06,Alpes-Maritimes,12,20 à 49 salariés
Fonds de solidarité,VOLET1,229,44,20615497.00,93,Provence-Alpes-Côte d'Azur,06,Alpes-Maritimes,21,50 à 99 salariés
Fonds de solidarité,VOLET1,37,9,5480190.00,93,Provence-Alpes-Côte d'Azur,06,Alpes-Maritimes,22,100 à 199 salariés
Fonds de solidarité,VOLET1,20,4,3336971.00,93,Provence-Alpes-Côte d'Azur,06,Alpes-Maritimes,31,200 à 249 salariés
Fonds de solidarité,VOLET1,20,4,1948398.00,93,Provence-Alpes-Côte d'Azur,06,Alpes-Maritimes,32,250 à 499 salariés
Fonds de solidarité,VOLET1,18379,3537,35858188.00,93,Provence-Alpes-Côte d'Azur,06,Alpes-Maritimes,NN,Etablissement non employeur
Fonds de solidarité,VOLET1,27708,5062,86622461.00,93,Provence-Alpes-Côte d'Azur,13,Bouches-du-Rhône,00,0 salarié
Fonds de solidarité,VOLET1,76792,14068,291927480.00,93,Provence-Alpes-Côte d'Azur,13,Bouches-du-Rhône,01,1 ou 2 salariés
Fonds de solidarité,VOLET1,28667,5058,165999146.00,93,Provence-Alpes-Côte d'Azur,13,Bouches-du-Rhône,02,3 à 5 salariés
Fonds de solidarité,VOLET1,10116,1680,87750537.00,93,Provence-Alpes-Côte d'Azur,13,Bouches-du-Rhône,03,6 à 9 salariés
Fonds de solidarité,VOLET1,5306,803,83379679.00,93,Provence-Alpes-Côte d'Azur,13,Bouches-du-Rhône,11,10 à 19 salariés
Fonds de solidarité,VOLET1,1631,282,67523672.00,93,Provence-Alpes-Côte d'Azur,13,Bouches-du-Rhône,12,20 à 49 salariés
Fonds de solidarité,VOLET1,236,49,18128746.00,93,Provence-Alpes-Côte d'Azur,13,Bouches-du-Rhône,21,50 à 99 salariés
Fonds de solidarité,VOLET1,13,4,2382250.00,93,Provence-Alpes-Côte d'Azur,13,Bouches-du-Rhône,22,100 à 199 salariés
Fonds de solidarité,VOLET1,15,4,2400003.00,93,Provence-Alpes-Côte d'Azur,13,Bouches-du-Rhône,31,200 à 249 salariés
Fonds de solidarité,VOLET1,45,9,8479436.00,93,Provence-Alpes-Côte d'Azur,13,Bouches-du-Rhône,32,250 à 499 salariés
Fonds de solidarité,VOLET1,19,4,3217345.00,93,Provence-Alpes-Côte d'Azur,13,Bouches-du-Rhône,41,500 à 999 salariés
Fonds de solidarité,VOLET1,20966,4373,37833250.00,93,Provence-Alpes-Côte d'Azur,13,Bouches-du-Rhône,NN,Etablissement non employeur
Fonds de solidarité,VOLET1,4148,678,16207587.00,93,Provence-Alpes-Côte d'Azur,05,Hautes-Alpes,00,0 salarié
Fonds de solidarité,VOLET1,8754,1460,41923202.00,93,Provence-Alpes-Côte d'Azur,05,Hautes-Alpes,01,1 ou 2 salariés
Fonds de solidarité,VOLET1,4078,616,27332526.00,93,Provence-Alpes-Côte d'Azur,05,Hautes-Alpes,02,3 à 5 salariés
Fonds de solidarité,VOLET1,1553,248,16367061.00,93,Provence-Alpes-Côte d'Azur,05,Hautes-Alpes,03,6 à 9 salariés
Fonds de solidarité,VOLET1,820,128,12043147.00,93,Provence-Alpes-Côte d'Azur,05,Hautes-Alpes,11,10 à 19 salariés
Fonds de solidarité,VOLET1,221,39,6630014.00,93,Provence-Alpes-Côte d'Azur,05,Hautes-Alpes,12,20 à 49 salariés
Fonds de solidarité,VOLET1,9,3,832844.00,93,Provence-Alpes-Côte d'Azur,05,Hautes-Alpes,21,50 à 99 salariés
Fonds de solidarité,VOLET1,23,4,1992157.00,93,Provence-Alpes-Côte d'Azur,05,Hautes-Alpes,22,100 à 199 salariés
Fonds de solidarité,VOLET1,6738,1023,16008329.00,93,Provence-Alpes-Côte d'Azur,05,Hautes-Alpes,NN,Etablissement non employeur
Fonds de solidarité,VOLET1,24723,4396,87508018.00,93,Provence-Alpes-Côte d'Azur,83,Var,00,0 salarié
Fonds de solidarité,VOLET1,45162,8898,180646273.00,93,Provence-Alpes-Côte d'Azur,83,Var,01,1 ou 2 salariés
Fonds de solidarité,VOLET1,14944,2879,90540027.00,93,Provence-Alpes-Côte d'Azur,83,Var,02,3 à 5 salariés
Fonds de solidarité,VOLET1,4956,902,45461896.00,93,Provence-Alpes-Côte d'Azur,83,Var,03,6 à 9 salariés
Fonds de solidarité,VOLET1,2219,396,37857781.00,93,Provence-Alpes-Côte d'Azur,83,Var,11,10 à 19 salariés
Fonds de solidarité,VOLET1,809,151,37737765.00,93,Provence-Alpes-Côte d'Azur,83,Var,12,20 à 49 salariés
Fonds de solidarité,VOLET1,91,20,7919983.00,93,Provence-Alpes-Côte d'Azur,83,Var,21,50 à 99 salariés
Fonds de solidarité,VOLET1,13,4,1983859.00,93,Provence-Alpes-Côte d'Azur,83,Var,22,100 à 199 salariés
Fonds de solidarité,VOLET1,12283,2761,23278192.00,93,Provence-Alpes-Côte d'Azur,83,Var,NN,Etablissement non employeur
Fonds de solidarité,VOLET1,10692,1897,36413578.00,93,Provence-Alpes-Côte d'Azur,84,Vaucluse,00,0 salarié
Fonds de solidarité,VOLET1,26709,4905,107269259.00,93,Provence-Alpes-Côte d'Azur,84,Vaucluse,01,1 ou 2 salariés
Fonds de solidarité,VOLET1,8279,1569,47072414.00,93,Provence-Alpes-Côte d'Azur,84,Vaucluse,02,3 à 5 salariés
Fonds de solidarité,VOLET1,2675,494,23622975.00,93,Provence-Alpes-Côte d'Azur,84,Vaucluse,03,6 à 9 salariés
Fonds de solidarité,VOLET1,1149,186,19477501.00,93,Provence-Alpes-Côte d'Azur,84,Vaucluse,11,10 à 19 salariés
Fonds de solidarité,VOLET1,376,73,14251109.00,93,Provence-Alpes-Côte d'Azur,84,Vaucluse,12,20 à 49 salariés
Fonds de solidarité,VOLET1,52,9,5326194.00,93,Provence-Alpes-Côte d'Azur,84,Vaucluse,21,50 à 99 salariés
Fonds de solidarité,VOLET1,7395,1621,15221075.00,93,Provence-Alpes-Côte d'Azur,84,Vaucluse,NN,Etablissement non employeur
